266545.093750 2760768.750000 151.845093
266545.468750 2760768.500000 151.845093
266545.437500 2760766.750000 151.845093
266547.375000 2760766.750000 151.845093
266547.312500 2760764.750000 151.845093
266545.750000 2760764.750000 151.845093
266545.593750 2760764.750000 151.845093
266545.750000 2760764.750000 151.845093
266545.781250 2760762.750000 151.845093
266547.468750 2760762.750000 151.845093
266549.000000 2760762.750000 151.845093
266550.000000 2760762.500000 151.845093
266551.000000 2760762.750000 151.845093
266551.031250 2760764.500000 151.845093
266553.000000 2760764.750000 151.845093
266551.031250 2760764.500000 151.845093
266550.656250 2760764.500000 151.845093
266551.031250 2760764.500000 151.845093
266551.000000 2760762.750000 151.845093
266551.406250 2760762.750000 151.845093
266551.000000 2760762.750000 151.845093
266550.000000 2760762.500000 151.845093
266549.000000 2760762.750000 151.845093
266547.468750 2760762.750000 151.845093
266547.500000 2760760.750000 151.845093
266549.031250 2760760.750000 151.845093
266551.031250 2760760.750000 151.845093
266551.031250 2760758.750000 151.845093
266551.468750 2760756.750000 151.845093
266551.031250 2760758.750000 151.845093
266553.000000 2760758.750000 151.845093
266551.031250 2760758.750000 151.845093
266549.281250 2760758.750000 151.845093
266547.437500 2760758.750000 151.845093
266547.468750 2760756.750000 151.845093
266549.218750 2760756.750000 151.845093
266547.468750 2760756.750000 151.845093
266546.031250 2760756.750000 151.845093
266545.531250 2760756.750000 151.845093
266545.468750 2760754.750000 151.845093
266545.437500 2760753.250000 151.845093
266546.031250 2760753.250000 151.845093
266546.093750 2760753.250000 151.845093
266546.031250 2760753.250000 151.845093
266545.437500 2760753.250000 151.845093
266545.468750 2760754.750000 151.845093
266545.968750 2760754.750000 151.845093
266547.125000 2760754.750000 151.845093
266547.968750 2760753.250000 151.845093
266549.093750 2760753.250000 151.845093
266549.468750 2760754.750000 151.845093
266551.125000 2760754.750000 151.845093
266551.093750 2760753.250000 151.845093
266551.125000 2760754.750000 151.845093
266552.937500 2760754.750000 151.845093
266553.000000 2760753.250000 151.845093
266553.062500 2760751.250000 151.845093
266551.437500 2760750.750000 151.845093
266550.937500 2760751.250000 151.845093
266549.343750 2760751.250000 151.845093
266547.437500 2760751.250000 151.845093
266545.593750 2760751.250000 151.845093
266547.437500 2760751.250000 151.845093
266549.343750 2760751.250000 151.845093
266550.937500 2760751.250000 151.845093
266551.437500 2760750.750000 151.845093
266550.968750 2760749.250000 151.845093
266549.312500 2760749.250000 151.845093
266551.437500 2760746.750000 151.845093
266551.437500 2760746.750000 151.845093
266551.437500 2760746.750000 151.845093
266551.468750 2760745.250000 151.845093
266552.875000 2760745.250000 151.845093
266553.156250 2760746.750000 151.845093
266555.062500 2760746.750000 151.845093
266556.812500 2760746.750000 151.845093
266557.187500 2760746.750000 151.845093
266557.750000 2760745.250000 151.845093
266558.000000 2760745.250000 151.845093
266558.000000 2760745.000000 151.845093
266557.812500 2760743.250000 151.845093
266557.906250 2760741.250000 151.845093
266556.781250 2760741.250000 151.845093
266555.000000 2760741.250000 151.845093
266555.031250 2760739.250000 151.845093
266553.406250 2760739.250000 151.845093
266555.031250 2760739.250000 151.845093
266555.000000 2760741.250000 151.845093
266553.000000 2760741.250000 151.845093
266551.000000 2760741.250000 151.845093
266549.125000 2760741.250000 151.845093
266549.031250 2760739.250000 151.845093
266549.000000 2760737.250000 151.845093
266547.062500 2760737.250000 151.845093
266547.125000 2760735.250000 151.845093
266546.656250 2760735.250000 151.845093
266546.781250 2760733.750000 151.845093
266546.812500 2760733.750000 151.845093
266548.312500 2760733.000000 151.845093
266548.875000 2760733.500000 151.845093
266549.000000 2760733.500000 151.845093
266549.343750 2760733.000000 151.845093
266551.062500 2760733.250000 151.845093
266551.468750 2760733.750000 151.845093
266551.343750 2760735.250000 151.845093
266551.468750 2760733.750000 151.845093
266552.906250 2760733.750000 151.845093
266552.906250 2760733.250000 151.845093
266553.000000 2760733.250000 151.845093
266554.906250 2760733.250000 151.845093
266556.187500 2760733.500000 151.845093
266556.812500 2760733.250000 151.845093
266557.000000 2760733.750000 151.845093
266557.343750 2760735.250000 151.845093
266558.218750 2760736.750000 151.845093
266558.031250 2760737.250000 151.845093
266557.062500 2760737.250000 151.845093
266558.031250 2760737.250000 151.845093
266557.656250 2760739.250000 151.845093
266558.031250 2760737.250000 151.845093
266558.218750 2760736.750000 151.845093
266557.343750 2760735.250000 151.845093
266557.000000 2760733.750000 151.845093
266556.812500 2760733.250000 151.845093
266556.187500 2760733.500000 151.845093
266554.906250 2760733.250000 151.845093
266553.000000 2760733.250000 151.845093
266552.906250 2760733.250000 151.845093
266552.906250 2760733.750000 151.845093
266552.968750 2760735.250000 151.845093
266554.968750 2760735.250000 151.845093
266552.968750 2760735.250000 151.845093
266552.937500 2760737.250000 151.845093
266554.906250 2760737.250000 151.845093
266552.937500 2760737.250000 151.845093
266551.093750 2760737.250000 151.845093
266551.093750 2760739.250000 151.845093
266551.093750 2760737.250000 151.845093
266552.937500 2760737.250000 151.845093
266552.968750 2760735.250000 151.845093
266552.906250 2760733.750000 151.845093
266551.468750 2760733.750000 151.845093
266551.062500 2760733.250000 151.845093
266549.343750 2760733.000000 151.845093
266549.000000 2760733.500000 151.845093
266549.062500 2760735.250000 151.845093
266549.000000 2760733.500000 151.845093
266548.875000 2760733.500000 151.845093
266548.312500 2760733.000000 151.845093
266546.812500 2760733.750000 151.845093
266546.781250 2760733.750000 151.845093
266546.656250 2760735.250000 151.845093
266547.125000 2760735.250000 151.845093
266547.062500 2760737.250000 151.845093
266549.000000 2760737.250000 151.845093
266549.031250 2760739.250000 151.845093
266547.437500 2760739.250000 151.845093
266546.593750 2760739.250000 151.845093
266546.593750 2760739.250000 151.845093
266546.593750 2760739.250000 151.845093
266546.531250 2760741.250000 151.845093
266547.062500 2760741.250000 151.845093
266546.531250 2760741.250000 151.845093
266546.593750 2760739.250000 151.845093
266547.437500 2760739.250000 151.845093
266549.031250 2760739.250000 151.845093
266549.125000 2760741.250000 151.845093
266551.000000 2760741.250000 151.845093
266550.937500 2760743.250000 151.845093
266549.437500 2760743.250000 151.845093
266547.500000 2760743.250000 151.845093
266546.343750 2760743.250000 151.845093
266547.500000 2760743.250000 151.845093
266547.468750 2760745.250000 151.845093
266546.406250 2760745.250000 151.845093
266547.468750 2760745.250000 151.845093
266549.031250 2760745.250000 151.845093
266547.468750 2760745.250000 151.845093
266547.500000 2760743.250000 151.845093
266549.437500 2760743.250000 151.845093
266550.937500 2760743.250000 151.845093
266551.000000 2760741.250000 151.845093
266553.000000 2760741.250000 151.845093
266555.000000 2760741.250000 151.845093
266556.781250 2760741.250000 151.845093
266557.906250 2760741.250000 151.845093
266557.812500 2760743.250000 151.845093
266557.812500 2760743.250000 151.845093
266557.812500 2760743.250000 151.845093
266557.125000 2760743.250000 151.845093
266557.812500 2760743.250000 151.845093
266558.000000 2760745.000000 151.845093
266558.000000 2760745.250000 151.845093
266557.750000 2760745.250000 151.845093
266557.187500 2760746.750000 151.845093
266556.812500 2760746.750000 151.845093
266555.062500 2760746.750000 151.845093
266554.968750 2760745.250000 151.845093
266554.875000 2760743.250000 151.845093
266553.625000 2760743.250000 151.845093
266554.875000 2760743.250000 151.845093
266554.968750 2760745.250000 151.845093
266555.062500 2760746.750000 151.845093
266553.156250 2760746.750000 151.845093
266552.875000 2760745.250000 151.845093
266551.468750 2760745.250000 151.845093
266551.437500 2760746.750000 151.845093
266549.312500 2760749.250000 151.845093
266547.468750 2760749.250000 151.845093
266546.187500 2760749.250000 151.845093
266545.250000 2760749.250000 151.845093
266546.187500 2760749.250000 151.845093
266546.187500 2760749.250000 151.845093
266546.187500 2760749.250000 151.845093
266547.468750 2760749.250000 151.845093
266549.312500 2760749.250000 151.845093
266550.968750 2760749.250000 151.845093
266551.437500 2760750.750000 151.845093
266551.437500 2760750.750000 151.845093
266551.437500 2760750.750000 151.845093
266553.062500 2760751.250000 151.845093
266553.156250 2760750.750000 151.845093
266553.656250 2760749.250000 151.845093
266554.906250 2760749.250000 151.845093
266555.062500 2760750.750000 151.845093
266554.906250 2760751.250000 151.845093
266555.156250 2760753.250000 151.845093
266555.156250 2760754.750000 151.845093
266556.937500 2760754.750000 151.845093
266557.125000 2760753.250000 151.845093
266556.937500 2760754.750000 151.845093
266557.000000 2760756.750000 151.845093
266556.937500 2760758.750000 151.845093
266556.937500 2760760.750000 151.845093
266556.906250 2760762.750000 151.845093
266555.406250 2760762.750000 151.845093
266555.406250 2760764.750000 151.845093
266556.906250 2760764.750000 151.845093
266557.000000 2760764.750000 151.845093
266556.906250 2760764.750000 151.845093
266556.843750 2760766.750000 151.845093
266555.656250 2760766.750000 151.845093
266555.312500 2760766.750000 151.845093
266553.656250 2760766.750000 151.845093
266553.625000 2760768.750000 151.845093
266555.250000 2760768.750000 151.845093
266554.968750 2760770.500000 151.845093
266553.625000 2760770.750000 151.845093
266554.968750 2760770.500000 151.845093
266555.250000 2760768.750000 151.845093
266556.812500 2760768.750000 151.845093
266555.250000 2760768.750000 151.845093
266553.625000 2760768.750000 151.845093
266553.656250 2760766.750000 151.845093
266555.312500 2760766.750000 151.845093
266555.656250 2760766.750000 151.845093
266556.843750 2760766.750000 151.845093
266556.906250 2760764.750000 151.845093
266555.406250 2760764.750000 151.845093
266555.406250 2760762.750000 151.845093
266554.875000 2760762.750000 151.845093
266553.437500 2760762.750000 151.845093
266553.406250 2760760.750000 151.845093
266554.843750 2760760.750000 151.845093
266553.406250 2760760.750000 151.845093
266553.437500 2760762.750000 151.845093
266554.875000 2760762.750000 151.845093
266555.406250 2760762.750000 151.845093
266556.906250 2760762.750000 151.845093
266556.937500 2760760.750000 151.845093
266557.281250 2760760.750000 151.845093
266556.937500 2760760.750000 151.845093
266556.937500 2760758.750000 151.845093
266555.156250 2760758.750000 151.845093
266554.843750 2760756.750000 151.845093
266553.656250 2760756.750000 151.845093
266554.843750 2760756.750000 151.845093
266555.156250 2760758.750000 151.845093
266556.937500 2760758.750000 151.845093
266557.000000 2760756.750000 151.845093
266556.937500 2760754.750000 151.845093
266555.156250 2760754.750000 151.845093
266555.156250 2760753.250000 151.845093
266554.906250 2760751.250000 151.845093
266555.062500 2760750.750000 151.845093
266556.812500 2760750.750000 151.845093
266556.843750 2760749.250000 151.845093
266556.812500 2760750.750000 151.845093
266556.875000 2760751.250000 151.845093
266556.812500 2760750.750000 151.845093
266557.187500 2760750.750000 151.845093
266556.812500 2760750.750000 151.845093
266555.062500 2760750.750000 151.845093
266554.906250 2760749.250000 151.845093
266553.656250 2760749.250000 151.845093
266553.156250 2760750.750000 151.845093
266553.062500 2760751.250000 151.845093
266553.000000 2760753.250000 151.845093
266552.937500 2760754.750000 151.845093
266551.125000 2760754.750000 151.845093
266549.468750 2760754.750000 151.845093
266549.093750 2760753.250000 151.845093
266547.968750 2760753.250000 151.845093
266547.125000 2760754.750000 151.845093
266545.968750 2760754.750000 151.845093
266545.968750 2760754.750000 151.845093
266545.968750 2760754.750000 151.845093
266545.468750 2760754.750000 151.845093
266545.531250 2760756.750000 151.845093
266546.031250 2760756.750000 151.845093
266547.468750 2760756.750000 151.845093
266547.437500 2760758.750000 151.845093
266545.937500 2760758.750000 151.845093
266545.312500 2760758.750000 151.845093
266545.937500 2760758.750000 151.845093
266545.937500 2760758.750000 151.845093
266545.937500 2760758.750000 151.845093
266547.437500 2760758.750000 151.845093
266549.281250 2760758.750000 151.845093
266551.031250 2760758.750000 151.845093
266551.031250 2760760.750000 151.845093
266549.031250 2760760.750000 151.845093
266547.500000 2760760.750000 151.845093
266546.062500 2760760.750000 151.845093
266545.968750 2760760.750000 151.845093
266545.468750 2760760.750000 151.845093
266545.968750 2760760.750000 151.845093
266546.062500 2760760.750000 151.845093
266547.500000 2760760.750000 151.845093
266547.468750 2760762.750000 151.845093
266545.781250 2760762.750000 151.845093
266545.156250 2760762.750000 151.845093
266545.781250 2760762.750000 151.845093
266545.750000 2760764.750000 151.845093
266547.312500 2760764.750000 151.845093
266547.375000 2760766.750000 151.845093
266549.000000 2760766.750000 151.845093
266549.937500 2760766.500000 151.845093
266550.937500 2760766.750000 151.845093
266551.062500 2760766.750000 151.845093
266550.937500 2760766.750000 151.845093
266549.937500 2760766.500000 151.845093
266549.000000 2760766.750000 151.845093
266547.375000 2760766.750000 151.845093
266545.437500 2760766.750000 151.845093
266545.218750 2760766.750000 151.845093
266545.437500 2760766.750000 151.845093
266545.468750 2760768.500000 151.845093
266545.625000 2760768.750000 151.845093
266547.562500 2760768.750000 151.845093
266549.156250 2760768.750000 151.845093
266551.093750 2760768.750000 151.845093
266549.156250 2760768.750000 151.845093
266547.562500 2760768.750000 151.845093
266545.625000 2760768.750000 151.845093
266545.468750 2760770.500000 151.845093
266545.406250 2760770.750000 151.845093
266545.562500 2760770.750000 151.845093
266547.375000 2760770.750000 151.845093
266547.312500 2760772.750000 151.845093
266547.468750 2760774.250000 151.845093
266549.312500 2760774.250000 151.845093
266549.343750 2760772.750000 151.845093
266551.062500 2760772.750000 151.845093
266552.937500 2760772.750000 151.845093
266552.937500 2760774.250000 151.845093
266552.906250 2760776.250000 151.845093
266551.312500 2760776.250000 151.845093
266552.906250 2760776.250000 151.845093
266552.937500 2760774.250000 151.845093
266551.406250 2760774.250000 151.845093
266552.937500 2760774.250000 151.845093
266552.937500 2760772.750000 151.845093
266554.906250 2760772.750000 151.845093
266554.968750 2760774.250000 151.845093
266555.031250 2760776.250000 151.845093
266557.000000 2760776.250000 151.845093
266557.250000 2760774.250000 151.845093
266557.000000 2760776.250000 151.845093
266555.031250 2760776.250000 151.845093
266554.968750 2760774.250000 151.845093
266554.906250 2760772.750000 151.845093
266556.937500 2760772.750000 151.845093
266557.312500 2760770.750000 151.845093
266561.875000 2760772.750000 151.845093
266563.187500 2760772.750000 151.845093
266562.875000 2760774.250000 151.845093
266562.843750 2760776.250000 151.845093
266562.906250 2760778.250000 151.845093
266561.687500 2760778.750000 151.845093
266562.812500 2760780.250000 151.845093
266562.906250 2760782.250000 151.845093
266562.781250 2760784.250000 151.845093
266561.500000 2760784.750000 151.845093
266562.781250 2760784.250000 151.845093
266562.906250 2760782.250000 151.845093
266562.812500 2760780.250000 151.845093
266563.625000 2760780.250000 151.845093
266564.812500 2760780.250000 151.845093
266565.218750 2760782.250000 151.845093
266564.906250 2760784.250000 151.845093
266567.125000 2760784.250000 151.845093
266569.187500 2760784.250000 151.845093
266567.125000 2760784.250000 151.845093
266564.906250 2760784.250000 151.845093
266565.218750 2760782.250000 151.845093
266564.812500 2760780.250000 151.845093
266563.625000 2760780.250000 151.845093
266562.812500 2760780.250000 151.845093
266561.687500 2760778.750000 151.845093
266562.906250 2760778.250000 151.845093
266563.656250 2760778.250000 151.845093
266564.968750 2760778.250000 151.845093
266563.656250 2760778.250000 151.845093
266562.906250 2760778.250000 151.845093
266562.843750 2760776.250000 151.845093
266562.875000 2760774.250000 151.845093
266563.187500 2760772.750000 151.845093
266563.093750 2760770.750000 151.845093
266564.875000 2760770.750000 151.845093
266564.968750 2760768.750000 151.845093
266564.906250 2760766.750000 151.845093
266564.062500 2760766.750000 151.845093
266562.968750 2760766.750000 151.845093
266561.843750 2760766.750000 151.845093
266562.968750 2760766.750000 151.845093
266562.937500 2760764.750000 151.845093
266564.875000 2760764.750000 151.845093
266564.843750 2760762.750000 151.845093
266563.156250 2760762.750000 151.845093
266564.843750 2760762.750000 151.845093
266564.906250 2760760.750000 151.845093
266565.156250 2760758.750000 151.845093
266564.437500 2760758.750000 151.845093
266562.750000 2760758.750000 151.845093
266561.906250 2760758.750000 151.845093
266562.750000 2760758.750000 151.845093
266562.812500 2760760.750000 151.845093
266562.750000 2760758.750000 151.845093
266562.781250 2760756.750000 151.845093
266562.000000 2760756.750000 151.845093
266562.125000 2760754.750000 151.845093
266561.812500 2760754.750000 151.845093
266562.125000 2760754.750000 151.845093
266563.031250 2760754.750000 151.845093
266562.968750 2760753.250000 151.845093
266564.937500 2760753.250000 151.845093
266565.125000 2760754.750000 151.845093
266567.031250 2760754.750000 151.845093
266567.000000 2760753.250000 151.845093
266567.031250 2760754.750000 151.845093
266566.937500 2760756.750000 151.845093
266567.031250 2760754.750000 151.845093
266569.000000 2760754.750000 151.845093
266569.000000 2760753.250000 151.845093
266570.937500 2760753.250000 151.845093
266571.062500 2760754.750000 151.845093
266572.406250 2760754.750000 151.845093
266572.906250 2760753.250000 151.845093
266573.906250 2760753.250000 151.845093
266572.906250 2760753.250000 151.845093
266572.937500 2760751.250000 151.845093
266571.218750 2760751.250000 151.845093
266572.937500 2760751.250000 151.845093
266572.906250 2760753.250000 151.845093
266572.406250 2760754.750000 151.845093
266571.062500 2760754.750000 151.845093
266570.937500 2760753.250000 151.845093
266569.000000 2760753.250000 151.845093
266569.000000 2760754.750000 151.845093
266567.031250 2760754.750000 151.845093
266565.125000 2760754.750000 151.845093
266564.937500 2760753.250000 151.845093
266562.968750 2760753.250000 151.845093
266561.750000 2760753.000000 151.845093
266561.937500 2760751.250000 151.845093
266562.687500 2760751.000000 151.845093
266562.718750 2760751.000000 151.845093
266562.968750 2760751.250000 151.845093
266564.875000 2760751.000000 151.845093
266564.906250 2760751.000000 151.845093
266564.906250 2760751.250000 151.845093
266566.843750 2760751.250000 151.845093
266566.968750 2760751.250000 151.845093
266568.843750 2760751.250000 151.845093
266568.875000 2760751.250000 151.845093
266568.843750 2760751.250000 151.845093
266566.968750 2760751.250000 151.845093
266566.843750 2760751.250000 151.845093
266564.906250 2760751.250000 151.845093
266564.906250 2760751.000000 151.845093
266564.875000 2760751.000000 151.845093
266562.968750 2760751.250000 151.845093
266562.718750 2760751.000000 151.845093
266562.687500 2760751.000000 151.845093
266561.937500 2760751.250000 151.845093
266561.750000 2760753.000000 151.845093
266562.968750 2760753.250000 151.845093
266563.031250 2760754.750000 151.845093
266562.125000 2760754.750000 151.845093
266562.000000 2760756.750000 151.845093
266562.781250 2760756.750000 151.845093
266562.750000 2760758.750000 151.845093
266564.437500 2760758.750000 151.845093
266564.406250 2760758.250000 151.845093
266564.843750 2760756.750000 151.845093
266564.406250 2760758.250000 151.845093
266564.406250 2760758.250000 151.845093
266564.406250 2760758.250000 151.845093
266564.437500 2760758.750000 151.845093
266565.156250 2760758.750000 151.845093
266564.906250 2760760.750000 151.845093
266564.843750 2760762.750000 151.845093
266564.875000 2760764.750000 151.845093
266562.937500 2760764.750000 151.845093
266562.968750 2760766.750000 151.845093
266564.062500 2760766.750000 151.845093
266564.906250 2760766.750000 151.845093
266564.968750 2760768.750000 151.845093
266564.000000 2760768.750000 151.845093
266562.750000 2760768.750000 151.845093
266564.000000 2760768.750000 151.845093
266564.968750 2760768.750000 151.845093
266564.875000 2760770.750000 151.845093
266563.093750 2760770.750000 151.845093
266563.187500 2760772.750000 151.845093
266563.875000 2760772.750000 151.845093
266564.968750 2760774.250000 151.845093
266564.875000 2760776.250000 151.845093
266564.968750 2760774.250000 151.845093
266563.875000 2760772.750000 151.845093
266563.187500 2760772.750000 151.845093
266561.875000 2760772.750000 151.845093
266557.312500 2760770.750000 151.845093
266556.937500 2760772.750000 151.845093
266554.906250 2760772.750000 151.845093
266552.937500 2760772.750000 151.845093
266551.062500 2760772.750000 151.845093
266549.343750 2760772.750000 151.845093
266549.312500 2760774.250000 151.845093
266547.468750 2760774.250000 151.845093
266545.593750 2760774.250000 151.845093
266545.406250 2760774.250000 151.845093
266545.312500 2760772.750000 151.845093
266545.406250 2760774.250000 151.845093
266545.375000 2760776.250000 151.845093
266545.468750 2760776.250000 151.845093
266547.375000 2760776.250000 151.845093
266549.156250 2760776.250000 151.845093
266547.375000 2760776.250000 151.845093
266547.343750 2760778.250000 151.845093
266549.312500 2760778.250000 151.845093
266547.343750 2760778.250000 151.845093
266545.437500 2760778.250000 151.845093
266545.218750 2760778.250000 151.845093
266545.218750 2760780.250000 151.845093
266545.531250 2760780.250000 151.845093
266547.093750 2760780.250000 151.845093
266547.125000 2760782.250000 151.845093
266547.531250 2760782.750000 151.845093
266549.031250 2760782.250000 151.845093
266549.125000 2760782.750000 151.845093
266551.031250 2760782.750000 151.845093
266551.000000 2760782.250000 151.845093
266552.906250 2760782.250000 151.845093
266552.968750 2760782.750000 151.845093
266553.031250 2760782.750000 151.845093
266554.937500 2760782.250000 151.845093
266554.968750 2760780.250000 151.845093
266552.968750 2760780.250000 151.845093
266551.156250 2760780.250000 151.845093
266549.437500 2760780.250000 151.845093
266551.156250 2760780.250000 151.845093
266552.968750 2760780.250000 151.845093
266554.968750 2760780.250000 151.845093
266554.875000 2760778.250000 151.845093
266553.312500 2760778.250000 151.845093
266551.625000 2760778.250000 151.845093
266553.312500 2760778.250000 151.845093
266554.875000 2760778.250000 151.845093
266556.750000 2760778.750000 151.845093
266556.812500 2760778.750000 151.845093
266556.843750 2760778.250000 151.845093
266556.812500 2760778.750000 151.845093
266557.125000 2760780.250000 151.845093
266556.812500 2760778.750000 151.845093
266556.750000 2760778.750000 151.845093
266554.875000 2760778.250000 151.845093
266554.968750 2760780.250000 151.845093
266554.937500 2760782.250000 151.845093
266555.500000 2760782.750000 151.845093
266556.937500 2760782.250000 151.845093
266555.500000 2760782.750000 151.845093
266554.937500 2760782.250000 151.845093
266553.031250 2760782.750000 151.845093
266552.968750 2760782.750000 151.845093
266552.906250 2760782.250000 151.845093
266551.000000 2760782.250000 151.845093
266551.031250 2760782.750000 151.845093
266549.125000 2760782.750000 151.845093
266549.031250 2760782.250000 151.845093
266547.531250 2760782.750000 151.845093
266547.125000 2760782.250000 151.845093
266545.500000 2760782.750000 151.845093
266545.281250 2760782.250000 151.845093
266545.187500 2760782.250000 151.845093
266545.281250 2760782.250000 151.845093
266545.500000 2760782.750000 151.845093
266547.125000 2760782.250000 151.845093
266547.093750 2760780.250000 151.845093
266545.531250 2760780.250000 151.845093
266545.218750 2760780.250000 151.845093
266545.218750 2760780.250000 151.845093
266545.218750 2760780.250000 151.845093
266545.218750 2760778.250000 151.845093
266545.437500 2760778.250000 151.845093
266547.343750 2760778.250000 151.845093
266547.375000 2760776.250000 151.845093
266545.468750 2760776.250000 151.845093
266545.375000 2760776.250000 151.845093
266545.406250 2760774.250000 151.845093
266545.593750 2760774.250000 151.845093
266547.468750 2760774.250000 151.845093
266547.312500 2760772.750000 151.845093
266547.375000 2760770.750000 151.845093
266549.031250 2760770.750000 151.845093
266550.968750 2760770.750000 151.845093
266549.031250 2760770.750000 151.845093
266547.375000 2760770.750000 151.845093
266545.562500 2760770.750000 151.845093
266545.406250 2760770.750000 151.845093
266545.468750 2760770.500000 151.845093
266545.625000 2760768.750000 151.845093
266545.468750 2760768.500000 151.845093
266545.093750 2760768.750000 151.845093
266545.468750 2760768.750000 153.845093
266545.625000 2760768.750000 153.845093
266545.593750 2760766.750000 153.845093
266546.062500 2760766.750000 153.845093
266547.468750 2760766.750000 153.845093
266547.343750 2760764.750000 153.845093
266545.750000 2760764.750000 153.845093
266545.437500 2760764.750000 153.845093
266545.468750 2760762.750000 153.845093
266547.406250 2760762.750000 153.845093
266549.062500 2760762.750000 153.845093
266550.000000 2760762.750000 153.845093
266551.125000 2760762.750000 153.845093
266553.000000 2760762.750000 153.845093
266552.937500 2760760.750000 153.845093
266554.906250 2760760.750000 153.845093
266556.750000 2760760.750000 153.845093
266556.781250 2760760.750000 153.845093
266556.843750 2760760.750000 153.845093
266557.281250 2760760.750000 153.845093
266557.312500 2760759.750000 153.845093
266556.781250 2760758.750000 153.845093
266554.968750 2760758.750000 153.845093
266554.937500 2760756.750000 153.845093
266554.937500 2760754.750000 153.845093
266555.406250 2760753.250000 153.845093
266557.312500 2760753.250000 153.845093
266556.968750 2760754.750000 153.845093
266556.937500 2760754.750000 153.845093
266556.968750 2760754.750000 153.845093
266553.125000 2760754.750000 153.845093
266552.875000 2760753.250000 153.845093
266551.000000 2760753.250000 153.845093
266549.343750 2760753.250000 153.845093
266549.281250 2760754.750000 153.845093
266549.187500 2760756.750000 153.845093
266551.000000 2760756.750000 153.845093
266552.906250 2760756.750000 153.845093
266551.031250 2760758.750000 153.845093
266549.125000 2760758.750000 153.845093
266547.468750 2760758.750000 153.845093
266549.343750 2760751.250000 153.845093
266547.375000 2760751.250000 153.845093
266546.656250 2760751.000000 153.845093
266545.437500 2760751.250000 153.845093
266545.437500 2760749.250000 153.845093
266546.687500 2760749.000000 153.845093
266546.406250 2760745.250000 153.845093
266546.500000 2760743.250000 153.845093
266546.531250 2760743.250000 153.845093
266546.468750 2760741.250000 153.845093
266547.375000 2760749.000000 153.845093
266549.375000 2760749.000000 153.845093
266551.906250 2760746.750000 153.845093
266552.875000 2760746.750000 153.845093
266555.250000 2760746.750000 153.845093
266557.750000 2760745.250000 153.845093
266557.781250 2760743.250000 153.845093
266557.906250 2760741.250000 153.845093
266557.968750 2760739.250000 153.845093
266558.031250 2760737.250000 153.845093
266558.031250 2760737.250000 153.845093
266558.093750 2760735.250000 153.845093
266558.156250 2760733.750000 153.845093
266558.156250 2760733.750000 153.845093
266554.843750 2760733.250000 153.845093
266551.000000 2760733.250000 153.845093
266549.406250 2760733.000000 153.845093
266549.000000 2760733.000000 153.845093
266547.125000 2760733.000000 153.845093
266547.062500 2760733.000000 153.845093
266546.781250 2760733.750000 153.845093
266546.750000 2760735.250000 153.845093
266546.531250 2760737.250000 153.845093
266558.093750 2760735.250000 153.845093
266551.062500 2760749.000000 153.845093
266551.906250 2760750.750000 153.845093
266551.593750 2760751.250000 153.845093
266552.875000 2760750.750000 153.845093
266553.406250 2760751.250000 153.845093
266554.906250 2760751.250000 153.845093
266555.250000 2760750.750000 153.845093
266555.281250 2760749.250000 153.845093
266556.937500 2760749.250000 153.845093
266557.250000 2760749.250000 153.845093
266557.281250 2760749.250000 153.845093
266553.281250 2760749.000000 153.845093
266545.468750 2760753.250000 153.845093
266545.437500 2760754.750000 153.845093
266547.093750 2760754.750000 153.845093
266547.187500 2760753.250000 153.845093
266547.156250 2760756.750000 153.845093
266546.000000 2760756.750000 153.845093
266545.218750 2760756.750000 153.845093
266545.437500 2760758.750000 153.845093
266545.218750 2760760.750000 153.845093
266547.093750 2760760.750000 153.845093
266551.125000 2760754.750000 153.845093
266556.812500 2760756.750000 153.845093
266553.187500 2760758.750000 153.845093
266551.593750 2760760.750000 153.845093
266549.625000 2760760.750000 153.845093
266553.156250 2760762.750000 153.845093
266554.843750 2760762.750000 153.845093
266554.968750 2760762.750000 153.845093
266556.906250 2760762.750000 153.845093
266557.062500 2760762.750000 153.845093
266557.093750 2760762.750000 153.845093
266550.000000 2760762.750000 153.845093
266549.156250 2760766.750000 153.845093
266549.468750 2760764.750000 153.845093
266549.937500 2760766.750000 153.845093
266551.656250 2760766.750000 153.845093
266553.031250 2760766.750000 153.845093
266553.093750 2760766.750000 153.845093
266553.156250 2760766.750000 153.845093
266554.875000 2760766.750000 153.845093
266556.593750 2760766.750000 153.845093
266556.781250 2760766.750000 153.845093
266556.843750 2760766.750000 153.845093
266557.031250 2760766.750000 153.845093
266557.093750 2760766.750000 153.845093
266557.343750 2760766.500000 153.845093
266556.906250 2760768.500000 153.845093
266554.937500 2760768.750000 153.845093
266554.937500 2760770.750000 153.845093
266553.156250 2760770.750000 153.845093
266551.156250 2760770.750000 153.845093
266551.031250 2760768.750000 153.845093
266552.875000 2760768.750000 153.845093
266549.343750 2760768.750000 153.845093
266549.062500 2760770.750000 153.845093
266547.968750 2760770.750000 153.845093
266554.906250 2760772.750000 153.845093
266555.031250 2760774.250000 153.845093
266556.750000 2760774.250000 153.845093
266556.687500 2760773.750000 153.845093
266556.875000 2760772.750000 153.845093
266556.906250 2760772.750000 153.845093
266556.906250 2760774.250000 153.845093
266556.968750 2760774.250000 153.845093
266553.312500 2760772.750000 153.845093
266552.968750 2760774.250000 153.845093
266551.093750 2760774.250000 153.845093
266551.156250 2760776.250000 153.845093
266549.312500 2760776.250000 153.845093
266551.406250 2760772.750000 153.845093
266549.437500 2760774.250000 153.845093
266547.468750 2760774.250000 153.845093
266547.093750 2760772.750000 153.845093
266545.406250 2760772.750000 153.845093
266545.406250 2760774.250000 153.845093
266545.437500 2760774.250000 153.845093
266545.468750 2760776.250000 153.845093
266545.343750 2760776.250000 153.845093
266545.343750 2760776.250000 153.845093
266547.093750 2760776.250000 153.845093
266547.093750 2760778.250000 153.845093
266545.500000 2760778.250000 153.845093
266545.406250 2760778.250000 153.845093
266545.437500 2760780.250000 153.845093
266545.218750 2760780.250000 153.845093
266545.468750 2760782.250000 153.845093
266545.125000 2760782.250000 153.845093
266545.125000 2760782.250000 153.845093
266545.531250 2760782.250000 153.845093
266547.156250 2760782.250000 153.845093
266547.593750 2760782.250000 153.845093
266548.437500 2760782.250000 153.845093
266549.031250 2760782.250000 153.845093
266549.093750 2760782.250000 153.845093
266549.968750 2760782.500000 153.845093
266551.000000 2760782.250000 153.845093
266551.093750 2760782.250000 153.845093
266553.000000 2760782.500000 153.845093
266553.437500 2760782.250000 153.845093
266555.156250 2760782.250000 153.845093
266555.125000 2760782.750000 153.845093
266556.781250 2760782.750000 153.845093
266557.062500 2760782.750000 153.845093
266557.031250 2760782.250000 153.845093
266557.031250 2760781.750000 153.845093
266556.875000 2760780.250000 153.845093
266557.312500 2760780.250000 153.845093
266556.968750 2760778.750000 153.845093
266556.937500 2760778.250000 153.845093
266556.937500 2760776.250000 153.845093
266554.968750 2760776.250000 153.845093
266553.468750 2760776.250000 153.845093
266557.000000 2760776.250000 153.845093
266556.843750 2760778.250000 153.845093
266556.687500 2760778.750000 153.845093
266554.906250 2760778.250000 153.845093
266553.187500 2760778.250000 153.845093
266557.031250 2760782.250000 153.845093
266555.125000 2760782.750000 153.845093
266553.437500 2760780.250000 153.845093
266554.875000 2760780.250000 153.845093
266547.531250 2760780.250000 153.845093
266549.281250 2760780.250000 153.845093
266549.187500 2760778.250000 153.845093
266551.062500 2760778.250000 153.845093
266550.937500 2760780.250000 153.845093
266545.531250 2760782.250000 153.845093
266545.312500 2760772.750000 153.845093
266549.468750 2760772.750000 153.845093
266556.937500 2760770.750000 153.845093
266556.968750 2760768.750000 153.845093
266545.281250 2760766.750000 153.845093
266545.656250 2760770.750000 153.845093
266545.562500 2760770.750000 153.845093
266547.125000 2760768.750000 153.845093
266549.062500 2760746.750000 155.845093
266546.437500 2760745.250000 155.845093
266550.937500 2760746.750000 155.845093
266553.156250 2760746.750000 155.845093
266553.375000 2760746.750000 155.845093
266555.031250 2760746.750000 155.845093
266555.250000 2760746.750000 155.845093
266556.875000 2760746.750000 155.845093
266557.750000 2760745.250000 155.845093
266558.062500 2760741.250000 155.845093
266557.968750 2760739.250000 155.845093
266558.031250 2760737.250000 155.845093
266558.093750 2760735.250000 155.845093
266558.156250 2760733.750000 155.845093
266556.906250 2760733.250000 155.845093
266555.156250 2760733.250000 155.845093
266554.968750 2760733.250000 155.845093
266553.031250 2760733.250000 155.845093
266552.937500 2760733.250000 155.845093
266551.000000 2760733.250000 155.845093
266547.406250 2760733.000000 155.845093
266545.968750 2760733.000000 155.845093
266546.625000 2760735.250000 155.845093
266546.625000 2760737.250000 155.845093
266546.593750 2760737.250000 155.845093
266546.625000 2760739.250000 155.845093
266557.968750 2760739.250000 155.845093
266558.062500 2760741.250000 155.845093
266557.781250 2760743.250000 157.845093
266556.843750 2760746.750000 157.845093
266558.031250 2760736.750000 157.845093
266557.031250 2760733.500000 157.845093
266557.625000 2760733.250000 157.845093
266556.593750 2760733.500000 157.845093
266555.406250 2760733.250000 157.845093
266551.093750 2760733.000000 157.845093
266549.406250 2760733.000000 157.845093
266546.375000 2760733.750000 157.845093
266546.343750 2760733.750000 157.845093
266546.218750 2760737.250000 157.845093
266546.187500 2760739.250000 157.845093
266546.156250 2760739.250000 157.845093
266546.093750 2760741.250000 157.845093
266546.062500 2760743.250000 157.845093
266546.062500 2760743.250000 157.845093
266546.406250 2760745.250000 157.845093
266546.468750 2760746.750000 157.845093
266547.062500 2760746.750000 157.845093
266547.093750 2760746.750000 157.845093
266546.500000 2760741.250000 157.845093
266545.968750 2760745.250000 159.845093
266546.312500 2760735.250000 159.845093
266546.406250 2760735.250000 159.845093
266549.406250 2760733.000000 159.845093
266549.625000 2760733.000000 159.845093
266555.375000 2760733.250000 159.845093
266558.312500 2760736.750000 159.845093
266557.968750 2760737.250000 159.845093
266557.906250 2760737.250000 159.845093
266547.093750 2760746.750000 159.845093
266549.000000 2760746.750000 159.845093
266549.187500 2760746.750000 159.845093
266557.781250 2760743.250000 159.845093
266556.968750 2760746.750000 159.845093
266556.906250 2760746.750000 159.845093
266555.468750 2760746.750000 159.845093
266555.281250 2760746.750000 159.845093
266557.812500 2760743.250000 159.845093
266557.937500 2760742.750000 159.845093
266557.375000 2760743.250000 161.845093
266557.406250 2760741.250000 161.845093
266555.437500 2760743.250000 161.845093
266553.281250 2760743.250000 161.845093
266552.875000 2760745.250000 161.845093
266550.937500 2760745.250000 161.845093
266550.937500 2760746.750000 161.845093
266549.250000 2760745.250000 161.845093
266547.437500 2760745.250000 161.845093
266550.937500 2760743.250000 161.845093
266549.125000 2760743.250000 161.845093
266549.031250 2760741.250000 161.845093
266549.312500 2760740.750000 161.845093
266547.312500 2760741.250000 161.845093
266546.093750 2760741.250000 161.845093
266546.156250 2760739.250000 161.845093
266547.375000 2760739.250000 161.845093
266547.625000 2760737.250000 161.845093
266549.062500 2760737.250000 161.845093
266549.156250 2760735.250000 161.845093
266549.062500 2760733.750000 161.845093
266547.156250 2760733.750000 161.845093
266547.031250 2760735.250000 161.845093
266546.031250 2760743.250000 161.845093
266547.062500 2760743.250000 161.845093
266551.093750 2760742.750000 161.845093
266555.187500 2760741.250000 161.845093
266555.156250 2760739.250000 161.845093
266555.000000 2760737.250000 161.845093
266552.875000 2760737.250000 161.845093
266551.375000 2760737.250000 161.845093
266551.656250 2760735.250000 161.845093
266553.437500 2760735.250000 161.845093
266553.437500 2760733.750000 161.845093
266551.125000 2760733.750000 161.845093
266556.968750 2760739.250000 161.845093
266557.437500 2760737.250000 161.845093
266556.812500 2760735.250000 161.845093
266557.093750 2760733.750000 161.845093
266556.218750 2760735.250000 161.845093
266555.218750 2760733.750000 161.845093
266557.156250 2760745.250000 161.845093
266555.187500 2760745.250000 161.845093
266545.068750 2760768.700000 151.845093
266545.168750 2760768.700000 151.845093
266545.268750 2760768.700000 151.845093
266545.368750 2760768.700000 151.845093
266545.468750 2760768.700000 151.845093
266547.037500 2760768.700000 153.845093
266547.037500 2760768.600000 153.845093
266547.037500 2760768.500000 153.845093
266547.037500 2760768.400000 153.845093
266547.037500 2760768.300000 153.845093
266547.037500 2760768.200000 153.845093
266547.037500 2760768.100000 153.845093
266547.037500 2760768.000000 153.845093
266547.037500 2760767.900000 153.845093
266547.037500 2760767.800000 153.845093
266547.037500 2760767.700000 153.845093
266547.037500 2760767.600000 153.845093
266547.037500 2760767.500000 153.845093
266547.037500 2760767.400000 153.845093
266547.037500 2760767.300000 153.845093
266547.037500 2760767.200000 153.845093
266547.037500 2760767.100000 153.845093
266547.037500 2760767.000000 153.845093
266547.037500 2760766.900000 153.845093
266547.037500 2760766.800000 153.845093
266547.037500 2760766.700000 153.845093
266547.037500 2760766.600000 153.845093
266547.037500 2760766.500000 153.845093
266547.037500 2760766.400000 153.845093
266547.037500 2760766.300000 153.845093
266547.037500 2760766.200000 153.845093
266547.037500 2760766.100000 153.845093
266547.037500 2760766.000000 153.845093
266547.037500 2760765.900000 153.845093
266547.037500 2760765.800000 153.845093
266547.037500 2760765.700000 153.845093
266547.037500 2760765.600000 153.845093
266547.037500 2760765.500000 153.845093
266547.037500 2760765.400000 153.845093
266547.037500 2760765.300000 153.845093
266547.037500 2760765.200000 153.845093
266547.037500 2760765.100000 153.845093
266547.037500 2760765.000000 153.845093
266547.037500 2760764.900000 153.845093
266547.037500 2760764.800000 153.845093
266547.037500 2760764.700000 153.845093
266547.037500 2760764.600000 153.845093
266547.037500 2760764.500000 153.845093
266547.037500 2760764.400000 153.845093
266547.037500 2760764.300000 153.845093
266547.037500 2760764.200000 153.845093
266547.037500 2760764.100000 153.845093
266547.037500 2760764.000000 153.845093
266547.037500 2760763.900000 153.845093
266547.037500 2760763.800000 153.845093
266547.037500 2760763.700000 153.845093
266547.037500 2760763.600000 153.845093
266547.037500 2760763.500000 153.845093
266547.037500 2760763.400000 153.845093
266547.037500 2760763.300000 153.845093
266547.037500 2760763.200000 153.845093
266547.037500 2760763.100000 153.845093
266547.037500 2760763.000000 153.845093
266547.037500 2760762.900000 153.845093
266547.037500 2760762.800000 153.845093
266547.037500 2760762.700000 153.845093
266547.037500 2760762.600000 153.845093
266547.037500 2760762.500000 153.845093
266547.037500 2760762.400000 153.845093
266547.037500 2760762.300000 153.845093
266547.037500 2760762.200000 153.845093
266547.037500 2760762.100000 153.845093
266547.037500 2760762.000000 153.845093
266547.037500 2760761.900000 153.845093
266547.037500 2760761.800000 153.845093
266547.037500 2760761.700000 153.845093
266547.037500 2760761.600000 153.845093
266547.037500 2760761.500000 153.845093
266547.037500 2760761.400000 153.845093
266547.037500 2760761.300000 153.845093
266547.037500 2760761.200000 153.845093
266547.037500 2760761.100000 153.845093
266547.037500 2760761.000000 153.845093
266547.037500 2760760.900000 153.845093
266547.037500 2760760.800000 153.845093
266547.037500 2760760.700000 153.845093
266547.037500 2760760.600000 153.845093
266547.037500 2760760.500000 153.845093
266547.037500 2760760.400000 153.845093
266547.037500 2760760.300000 153.845093
266547.037500 2760760.200000 153.845093
266547.037500 2760760.100000 153.845093
266547.037500 2760760.000000 153.845093
266547.037500 2760759.900000 153.845093
266547.037500 2760759.800000 153.845093
266547.037500 2760759.700000 153.845093
266547.037500 2760759.600000 153.845093
266547.037500 2760759.500000 153.845093
266547.037500 2760759.400000 153.845093
266547.037500 2760759.300000 153.845093
266547.037500 2760759.200000 153.845093
266547.037500 2760759.100000 153.845093
266547.037500 2760759.000000 153.845093
266547.037500 2760758.900000 153.845093
266547.037500 2760758.800000 153.845093
266547.037500 2760758.700000 153.845093
266547.037500 2760758.600000 153.845093
266547.137500 2760758.500000 153.845093
266547.237500 2760758.400000 153.845093
266547.337500 2760758.300000 153.845093
266547.437500 2760758.200000 153.845093
266547.537500 2760758.100000 153.845093
266547.637500 2760758.000000 153.845093
266547.737500 2760757.900000 153.845093
266547.837500 2760757.800000 153.845093
266547.937500 2760757.700000 153.845093
266548.037500 2760757.600000 153.845093
266548.137500 2760757.500000 153.845093
266548.237500 2760757.400000 153.845093
266548.337500 2760757.300000 153.845093
266548.437500 2760757.200000 153.845093
266548.537500 2760757.100000 153.845093
266548.637500 2760757.000000 153.845093
266548.737500 2760756.900000 153.845093
266548.837500 2760756.800000 153.845093
266548.937500 2760756.700000 153.845093
266548.937500 2760756.600000 153.845093
266548.937500 2760756.500000 153.845093
266548.937500 2760756.400000 153.845093
266548.937500 2760756.300000 153.845093
266548.937500 2760756.200000 153.845093
266548.937500 2760756.100000 153.845093
266548.937500 2760756.000000 153.845093
266548.937500 2760755.900000 153.845093
266548.937500 2760755.800000 153.845093
266548.937500 2760755.700000 153.845093
266548.937500 2760755.600000 153.845093
266548.937500 2760755.500000 153.845093
266548.937500 2760755.400000 153.845093
266548.937500 2760755.300000 153.845093
266548.937500 2760755.200000 153.845093
266548.937500 2760755.100000 153.845093
266548.937500 2760755.000000 153.845093
266548.937500 2760754.900000 153.845093
266548.937500 2760754.800000 153.845093
266548.937500 2760754.700000 153.845093
266548.937500 2760754.600000 153.845093
266548.937500 2760754.500000 153.845093
266548.937500 2760754.400000 153.845093
266548.937500 2760754.300000 153.845093
266548.937500 2760754.200000 153.845093
266548.937500 2760754.100000 153.845093
266548.937500 2760754.000000 153.845093
266548.937500 2760753.900000 153.845093
266548.937500 2760753.800000 153.845093
266548.937500 2760753.700000 153.845093
266548.937500 2760753.600000 153.845093
266548.937500 2760753.500000 153.845093
266548.937500 2760753.400000 153.845093
266548.937500 2760753.300000 153.845093
266548.937500 2760753.200000 153.845093
266548.937500 2760753.100000 153.845093
266548.937500 2760753.000000 153.845093
266548.937500 2760752.900000 153.845093
266548.937500 2760752.800000 153.845093
266548.937500 2760752.700000 153.845093
266548.937500 2760752.600000 153.845093
266548.937500 2760752.500000 153.845093
266548.937500 2760752.400000 153.845093
266548.937500 2760752.300000 153.845093
266548.937500 2760752.200000 153.845093
266548.937500 2760752.100000 153.845093
266548.937500 2760752.000000 153.845093
266548.937500 2760751.900000 153.845093
266548.937500 2760751.800000 153.845093
266548.937500 2760751.700000 153.845093
266548.937500 2760751.600000 153.845093
266548.937500 2760751.500000 153.845093
266548.937500 2760751.400000 153.845093
266548.937500 2760751.300000 153.845093
266548.937500 2760751.200000 153.845093
266548.937500 2760751.100000 153.845093
266548.937500 2760751.000000 153.845093
266548.937500 2760750.900000 153.845093
266548.937500 2760750.800000 153.845093
266548.937500 2760750.700000 153.845093
266548.937500 2760750.600000 153.845093
266548.937500 2760750.500000 153.845093
266548.937500 2760750.400000 153.845093
266548.937500 2760750.300000 153.845093
266548.937500 2760750.200000 153.845093
266548.937500 2760750.100000 153.845093
266548.937500 2760750.000000 153.845093
266548.937500 2760749.900000 153.845093
266548.937500 2760749.800000 153.845093
266548.937500 2760749.700000 153.845093
266548.937500 2760749.600000 153.845093
266548.937500 2760749.500000 153.845093
266548.937500 2760749.400000 153.845093
266548.937500 2760749.300000 153.845093
266548.937500 2760749.200000 153.845093
266548.937500 2760749.100000 153.845093
266548.937500 2760749.000000 153.845093
266548.937500 2760748.900000 153.845093
266548.937500 2760748.800000 153.845093
266548.937500 2760748.700000 153.845093
266548.937500 2760748.600000 153.845093
266548.937500 2760748.500000 153.845093
266548.937500 2760748.400000 153.845093
266548.937500 2760748.300000 153.845093
266548.937500 2760748.200000 153.845093
266548.937500 2760748.100000 153.845093
266548.937500 2760748.000000 153.845093
266548.937500 2760747.900000 153.845093
266548.937500 2760747.800000 153.845093
266548.937500 2760747.700000 153.845093
266548.937500 2760747.600000 153.845093
266548.937500 2760747.500000 153.845093
266548.937500 2760747.400000 153.845093
266548.937500 2760747.300000 153.845093
266548.937500 2760747.200000 153.845093
266548.937500 2760747.100000 153.845093
266548.937500 2760747.000000 153.845093
266548.937500 2760746.900000 153.845093
266548.937500 2760746.800000 153.845093
266549.037500 2760746.700000 153.845093
266557.987500 2760741.200000 155.845093
266557.987500 2760741.300000 155.845093
266557.987500 2760741.400000 155.845093
266557.987500 2760741.500000 155.845093
266557.987500 2760741.600000 155.845093
266557.987500 2760741.700000 155.845093
266557.987500 2760741.800000 155.845093
266557.887500 2760741.900000 155.845093
266557.787500 2760742.000000 155.845093
266557.787500 2760742.100000 155.845093
266557.787500 2760742.200000 155.845093
266557.787500 2760742.300000 155.845093
266557.787500 2760742.400000 155.845093
266557.787500 2760742.500000 155.845093
266557.787500 2760742.600000 155.845093
266557.787500 2760742.700000 155.845093
266557.687500 2760742.800000 155.845093
266557.687500 2760742.900000 155.845093
266557.687500 2760743.000000 155.845093
266557.687500 2760743.100000 155.845093
266557.687500 2760743.200000 155.845093
266546.475000 2760741.200000 157.845093
266546.475000 2760741.300000 157.845093
266546.475000 2760741.400000 157.845093
266546.475000 2760741.500000 157.845093
266546.475000 2760741.600000 157.845093
266546.475000 2760741.700000 157.845093
266546.475000 2760741.800000 157.845093
266546.475000 2760741.900000 157.845093
266546.475000 2760742.000000 157.845093
266546.475000 2760742.100000 157.845093
266546.475000 2760742.200000 157.845093
266546.475000 2760742.300000 157.845093
266546.475000 2760742.400000 157.845093
266546.475000 2760742.500000 157.845093
266546.475000 2760742.600000 157.845093
266546.475000 2760742.700000 157.845093
266546.475000 2760742.800000 157.845093
266546.475000 2760742.900000 157.845093
266546.475000 2760743.000000 157.845093
266546.475000 2760743.100000 157.845093
266546.475000 2760743.200000 157.845093
266546.475000 2760743.300000 157.845093
266546.475000 2760743.400000 157.845093
266546.475000 2760743.500000 157.845093
266546.475000 2760743.600000 157.845093
266546.475000 2760743.700000 157.845093
266546.475000 2760743.800000 157.845093
266546.475000 2760743.900000 157.845093
266546.375000 2760744.000000 157.845093
266546.375000 2760744.100000 157.845093
266546.375000 2760744.200000 157.845093
266546.375000 2760744.300000 157.845093
266546.375000 2760744.400000 157.845093
266546.275000 2760744.500000 157.845093
266546.175000 2760744.600000 157.845093
266546.075000 2760744.700000 157.845093
266546.075000 2760744.800000 157.845093
266545.975000 2760744.900000 157.845093
266545.975000 2760745.000000 157.845093
266545.875000 2760745.100000 157.845093
266545.875000 2760745.200000 157.845093
266557.875000 2760742.700000 159.845093
266557.775000 2760742.800000 159.845093
266557.675000 2760742.900000 159.845093
266557.575000 2760743.000000 159.845093
266557.475000 2760743.100000 159.845093
266557.375000 2760743.200000 159.845093
266545.093750 2760768.750000 151.845093
266545.468750 2760768.750000 153.845093
266547.125000 2760768.750000 153.845093
266549.062500 2760746.750000 155.845093
266558.062500 2760741.250000 155.845093
266557.781250 2760743.250000 157.845093
266546.500000 2760741.250000 157.845093
266545.968750 2760745.250000 159.845093
266557.937500 2760742.750000 159.845093
266557.375000 2760743.250000 161.845093
