266546.090000 2760731.200000 165.000000
266548.560000 2760731.000000 165.000000
266554.970000 2760732.200000 165.000000
266557.030000 2760731.800000 165.000000
266554.970000 2760732.200000 165.000000
266548.560000 2760731.000000 165.000000
266546.090000 2760731.200000 165.000000
266545.160000 2760732.500000 163.000000
266545.060000 2760732.500000 163.000000
266548.340000 2760732.500000 163.000000
266548.780000 2760735.200000 163.000000
266551.690000 2760735.200000 163.000000
266551.310000 2760732.500000 163.000000
266553.940000 2760735.200000 163.000000
266556.910000 2760735.200000 163.000000
266559.690000 2760735.200000 163.000000
266559.840000 2760738.200000 163.000000
266559.780000 2760741.200000 163.000000
266556.970000 2760741.200000 163.000000
266556.910000 2760744.000000 163.000000
266556.910000 2760747.000000 163.000000
266559.780000 2760747.000000 163.000000
266553.910000 2760747.000000 163.000000
266551.280000 2760747.000000 163.000000
266553.970000 2760744.000000 163.000000
266551.530000 2760744.000000 163.000000
266551.220000 2760743.000000 163.000000
266548.380000 2760744.000000 163.000000
266548.000000 2760741.200000 163.000000
266548.000000 2760738.200000 163.000000
266545.160000 2760744.000000 163.000000
266545.190000 2760747.000000 163.000000
266555.280000 2760741.200000 163.000000
266554.750000 2760738.200000 163.000000
266557.590000 2760738.200000 163.000000
266559.690000 2760732.500000 163.000000
266554.090000 2760732.500000 163.000000
266545.120000 2760735.200000 163.000000
266545.220000 2760735.200000 162.000000
266554.780000 2760735.200000 162.000000
266555.840000 2760741.200000 162.000000
266553.690000 2760743.000000 162.000000
266550.500000 2760743.200000 162.000000
266545.090000 2760741.200000 162.000000
266548.780000 2760747.000000 162.000000
266554.120000 2760747.000000 162.000000
266545.560000 2760732.500000 162.000000
266550.530000 2760736.200000 161.000000
266555.620000 2760741.000000 161.000000
266558.910000 2760738.200000 161.000000
266558.000000 2760735.200000 161.000000
266557.000000 2760732.500000 161.000000
266558.690000 2760744.000000 161.000000
266558.660000 2760747.000000 161.000000
266545.190000 2760747.000000 161.000000
266544.940000 2760744.000000 160.000000
266552.410000 2760746.200000 160.000000
266555.250000 2760745.000000 160.000000
266559.190000 2760741.200000 160.000000
266559.780000 2760735.200000 160.000000
266559.720000 2760732.500000 160.000000
266554.030000 2760732.500000 160.000000
266549.750000 2760732.500000 160.000000
266545.090000 2760738.200000 160.000000
266560.280000 2760741.200000 160.000000
266554.440000 2760746.000000 159.000000
266549.310000 2760746.000000 159.000000
266549.220000 2760746.000000 159.000000
266545.190000 2760747.000000 159.000000
266545.120000 2760744.000000 159.000000
266545.590000 2760741.200000 159.000000
266545.190000 2760741.200000 159.000000
266545.690000 2760738.200000 159.000000
266544.910000 2760738.200000 159.000000
266551.310000 2760732.500000 159.000000
266551.660000 2760732.500000 159.000000
266556.780000 2760732.500000 159.000000
266544.780000 2760735.200000 159.000000
266545.160000 2760732.500000 158.000000
266553.970000 2760732.500000 158.000000
266558.620000 2760735.200000 158.000000
266559.880000 2760732.500000 158.000000
266558.310000 2760744.000000 158.000000
266558.380000 2760747.000000 158.000000
266553.410000 2760747.200000 158.000000
266548.190000 2760747.000000 158.000000
266548.120000 2760750.000000 157.000000
266548.120000 2760752.800000 157.000000
266545.160000 2760752.800000 157.000000
266545.090000 2760750.000000 157.000000
266544.530000 2760750.000000 157.000000
266545.120000 2760744.000000 157.000000
266545.780000 2760735.200000 157.000000
266558.500000 2760738.200000 157.000000
266558.500000 2760741.200000 157.000000
266545.190000 2760755.800000 157.000000
266545.090000 2760758.800000 157.000000
266545.190000 2760761.500000 157.000000
266548.030000 2760761.500000 157.000000
266548.000000 2760758.800000 157.000000
266548.310000 2760764.500000 157.000000
266548.160000 2760767.500000 157.000000
266548.000000 2760770.500000 157.000000
266548.030000 2760773.200000 157.000000
266548.090000 2760776.200000 157.000000
266545.220000 2760776.200000 157.000000
266545.810000 2760779.200000 157.000000
266545.190000 2760782.000000 157.000000
266548.190000 2760782.000000 157.000000
266543.530000 2760782.000000 157.000000
266550.940000 2760773.200000 157.000000
266551.220000 2760776.200000 157.000000
266554.090000 2760776.200000 157.000000
266554.000000 2760779.200000 157.000000
266551.470000 2760779.200000 157.000000
266551.440000 2760782.000000 157.000000
266553.940000 2760782.000000 157.000000
266554.160000 2760773.200000 157.000000
266554.190000 2760770.500000 157.000000
266553.910000 2760767.500000 157.000000
266551.660000 2760767.500000 157.000000
266557.190000 2760776.200000 157.000000
266557.410000 2760779.200000 157.000000
266557.380000 2760782.000000 157.000000
266551.090000 2760770.500000 157.000000
266545.220000 2760770.500000 157.000000
266544.380000 2760770.500000 157.000000
266545.120000 2760767.500000 157.000000
266544.160000 2760767.500000 157.000000
266544.090000 2760764.500000 157.000000
266544.190000 2760761.500000 157.000000
266551.030000 2760752.800000 157.000000
266553.940000 2760752.800000 157.000000
266553.970000 2760755.800000 157.000000
266556.880000 2760755.800000 157.000000
266557.410000 2760752.800000 157.000000
266554.410000 2760758.800000 157.000000
266554.750000 2760761.500000 157.000000
266557.250000 2760761.500000 157.000000
266557.380000 2760758.800000 157.000000
266559.690000 2760758.800000 157.000000
266561.000000 2760761.500000 157.000000
266563.090000 2760761.500000 157.000000
266565.620000 2760761.500000 157.000000
266565.590000 2760764.500000 157.000000
266562.970000 2760764.500000 157.000000
266559.810000 2760764.500000 157.000000
266565.660000 2760767.500000 157.000000
266568.500000 2760767.500000 157.000000
266571.440000 2760767.500000 157.000000
266568.810000 2760770.500000 157.000000
266566.000000 2760770.500000 157.000000
266565.620000 2760773.200000 157.000000
266562.840000 2760773.200000 157.000000
266562.940000 2760776.200000 157.000000
266560.410000 2760776.200000 157.000000
266562.750000 2760779.200000 157.000000
266565.530000 2760779.200000 157.000000
266568.500000 2760779.200000 157.000000
266568.720000 2760782.000000 157.000000
266568.590000 2760785.000000 157.000000
266568.530000 2760788.000000 157.000000
266568.500000 2760790.800000 157.000000
266571.590000 2760785.000000 157.000000
266572.060000 2760788.000000 157.000000
266571.840000 2760790.800000 157.000000
266572.030000 2760793.800000 157.000000
266571.060000 2760793.800000 157.000000
266571.410000 2760796.800000 157.000000
266571.880000 2760782.000000 157.000000
266572.030000 2760779.200000 157.000000
266571.810000 2760776.200000 157.000000
266574.470000 2760776.200000 157.000000
266569.720000 2760776.200000 157.000000
266565.620000 2760782.000000 157.000000
266565.560000 2760785.000000 157.000000
266563.120000 2760785.000000 157.000000
266562.720000 2760788.000000 157.000000
266562.940000 2760790.800000 157.000000
266563.380000 2760793.800000 157.000000
266565.590000 2760793.800000 157.000000
266565.590000 2760796.800000 157.000000
266562.810000 2760796.800000 157.000000
266559.880000 2760793.800000 157.000000
266559.810000 2760785.000000 157.000000
266562.840000 2760782.000000 157.000000
266562.720000 2760770.500000 157.000000
266559.810000 2760770.500000 157.000000
266560.090000 2760767.500000 157.000000
266557.120000 2760767.500000 157.000000
266558.190000 2760770.500000 157.000000
266568.500000 2760773.200000 157.000000
266571.500000 2760773.200000 157.000000
266571.910000 2760770.500000 157.000000
266574.340000 2760770.500000 157.000000
266574.620000 2760767.500000 157.000000
266574.530000 2760764.500000 157.000000
266574.380000 2760761.500000 157.000000
266571.970000 2760761.500000 157.000000
266574.530000 2760758.800000 157.000000
266574.620000 2760755.800000 157.000000
266574.560000 2760773.200000 157.000000
266563.160000 2760767.500000 157.000000
266565.880000 2760758.800000 157.000000
266568.470000 2760758.800000 157.000000
266568.810000 2760761.500000 157.000000
266570.060000 2760764.500000 157.000000
266568.500000 2760755.800000 157.000000
266568.750000 2760752.800000 157.000000
266568.690000 2760750.000000 157.000000
266565.720000 2760750.000000 157.000000
266563.090000 2760750.000000 157.000000
266559.840000 2760750.000000 157.000000
266565.590000 2760752.800000 157.000000
266571.410000 2760755.800000 157.000000
266571.780000 2760752.800000 157.000000
266571.720000 2760750.000000 157.000000
266574.410000 2760750.000000 157.000000
266562.810000 2760758.800000 157.000000
266562.690000 2760755.800000 157.000000
266551.380000 2760755.800000 157.000000
266548.410000 2760755.800000 157.000000
266551.310000 2760758.800000 157.000000
266551.160000 2760761.500000 157.000000
266550.690000 2760763.200000 156.000000
266545.220000 2760764.500000 156.000000
266545.160000 2760773.200000 156.000000
266545.090000 2760755.800000 156.000000
266545.750000 2760750.000000 156.000000
266549.470000 2760749.000000 156.000000
266553.910000 2760750.200000 156.000000
266554.810000 2760749.000000 156.000000
266559.840000 2760750.000000 156.000000
266558.410000 2760744.000000 156.000000
266558.590000 2760741.200000 156.000000
266557.410000 2760732.500000 156.000000
266548.440000 2760732.500000 156.000000
266544.470000 2760752.800000 156.000000
266559.810000 2760755.800000 156.000000
266571.440000 2760764.500000 156.000000
266574.000000 2760766.000000 156.000000
266574.000000 2760768.000000 156.000000
266573.810000 2760771.800000 156.000000
266574.410000 2760772.000000 156.000000
266574.060000 2760773.200000 156.000000
266573.810000 2760778.500000 156.000000
266574.310000 2760780.000000 156.000000
266574.440000 2760782.000000 156.000000
266574.500000 2760782.000000 156.000000
266573.470000 2760782.000000 156.000000
266573.250000 2760788.200000 156.000000
266574.690000 2760788.800000 156.000000
266573.220000 2760790.800000 156.000000
266573.030000 2760793.800000 156.000000
266573.030000 2760796.800000 156.000000
266574.440000 2760797.000000 156.000000
266569.000000 2760796.800000 156.000000
266565.660000 2760796.800000 156.000000
266563.440000 2760795.200000 156.000000
266560.220000 2760794.500000 156.000000
266560.120000 2760796.800000 156.000000
266559.880000 2760796.800000 156.000000
266559.750000 2760788.000000 156.000000
266566.530000 2760788.000000 156.000000
266566.190000 2760785.000000 156.000000
266565.810000 2760773.200000 156.000000
266574.590000 2760764.800000 156.000000
266574.500000 2760761.500000 156.000000
266573.940000 2760761.500000 156.000000
266574.590000 2760755.800000 156.000000
266574.090000 2760754.000000 155.000000
266568.780000 2760750.000000 155.000000
266563.000000 2760750.000000 155.000000
266560.590000 2760758.800000 155.000000
266565.660000 2760767.800000 155.000000
266574.190000 2760779.800000 155.000000
266562.720000 2760796.800000 155.000000
266559.280000 2760797.000000 154.000000
266559.720000 2760790.800000 154.000000
266568.810000 2760785.000000 154.000000
266564.440000 2760782.200000 154.000000
266559.840000 2760782.000000 154.000000
266560.280000 2760776.200000 154.000000
266557.310000 2760773.200000 154.000000
266545.220000 2760773.200000 154.000000
266545.310000 2760770.500000 154.000000
266558.190000 2760776.200000 154.000000
266557.940000 2760782.000000 154.000000
266558.810000 2760770.500000 154.000000
266560.220000 2760770.500000 154.000000
266559.780000 2760767.500000 154.000000
266558.190000 2760767.500000 154.000000
266564.250000 2760776.200000 154.000000
266564.470000 2760773.200000 154.000000
266564.470000 2760770.500000 154.000000
266564.560000 2760767.500000 154.000000
266564.750000 2760761.500000 154.000000
266564.880000 2760758.800000 154.000000
266565.410000 2760757.500000 154.000000
266568.380000 2760755.800000 154.000000
266568.750000 2760755.800000 154.000000
266569.250000 2760754.200000 154.000000
266565.620000 2760750.000000 154.000000
266559.910000 2760752.800000 154.000000
266558.660000 2760755.800000 154.000000
266558.750000 2760750.000000 154.000000
266550.940000 2760750.000000 154.000000
266550.410000 2760750.000000 154.000000
266544.880000 2760738.200000 154.000000
266545.160000 2760752.800000 154.000000
266545.190000 2760747.000000 154.000000
266545.190000 2760744.000000 154.000000
266544.910000 2760744.000000 154.000000
266558.220000 2760747.000000 154.000000
266545.280000 2760735.200000 154.000000
266558.590000 2760758.800000 154.000000
266554.160000 2760763.200000 154.000000
266550.940000 2760763.200000 154.000000
266571.690000 2760755.800000 154.000000
266574.440000 2760752.800000 154.000000
266574.470000 2760750.000000 154.000000
266571.780000 2760748.800000 153.000000
266561.280000 2760747.000000 153.000000
266563.160000 2760748.000000 152.000000
266567.690000 2760748.500000 152.000000
266568.780000 2760748.800000 152.000000
266575.060000 2760748.800000 152.000000
266545.750000 2760750.000000 151.000000
266545.190000 2760755.800000 151.000000
266560.120000 2760746.200000 150.000000
266564.560000 2760749.000000 150.000000
266573.780000 2760749.500000 150.000000
266572.090000 2760750.000000 150.000000
266571.000000 2760750.000000 150.000000
266546.090000 2760731.200000 165.000000
266557.000000 2760730.000000 164.000000
266546.090000 2760731.200000 165.000000
266545.160000 2760732.500000 163.000000
266545.120000 2760735.200000 163.000000
266545.220000 2760735.200000 162.000000
266545.560000 2760732.500000 162.000000
266550.530000 2760736.200000 161.000000
266545.190000 2760747.000000 161.000000
266544.940000 2760744.000000 160.000000
266560.280000 2760741.200000 160.000000
266554.440000 2760746.000000 159.000000
266544.780000 2760735.200000 159.000000
266545.160000 2760732.500000 158.000000
266548.190000 2760747.000000 158.000000
266548.120000 2760750.000000 157.000000
266551.160000 2760761.500000 157.000000
266550.690000 2760763.200000 156.000000
266574.590000 2760755.800000 156.000000
266574.090000 2760754.000000 155.000000
266562.720000 2760796.800000 155.000000
266559.280000 2760797.000000 154.000000
266574.470000 2760750.000000 154.000000
266571.780000 2760748.800000 153.000000
266561.280000 2760747.000000 153.000000
266563.160000 2760748.000000 152.000000
266575.060000 2760748.800000 152.000000
266562.780000 2760752.800000 151.000000
266545.190000 2760755.800000 151.000000
266560.120000 2760746.200000 150.000000
