266544.500000 2760741.200000 165.000000
266544.620000 2760737.200000 165.000000
266545.810000 2760731.000000 165.000000
266544.620000 2760737.200000 165.000000
266551.220000 2760735.200000 165.000000
266549.380000 2760730.000000 165.000000
266551.220000 2760735.200000 165.000000
266556.970000 2760743.200000 165.000000
266557.160000 2760749.000000 165.000000
266556.970000 2760743.200000 165.000000
266551.220000 2760735.200000 165.000000
266544.620000 2760737.200000 165.000000
266544.500000 2760741.200000 165.000000
266545.220000 2760749.000000 165.000000
266544.500000 2760741.200000 165.000000
266544.030000 2760749.000000 164.000000
266547.500000 2760749.000000 164.000000
266544.280000 2760745.000000 163.000000
266559.690000 2760741.200000 163.000000
266558.910000 2760731.500000 163.000000
266556.810000 2760731.500000 163.000000
266545.380000 2760733.500000 163.000000
266545.120000 2760731.500000 163.000000
266559.970000 2760733.500000 163.000000
266551.030000 2760730.500000 163.000000
266545.090000 2760739.200000 163.000000
266545.090000 2760741.200000 163.000000
266544.970000 2760739.200000 163.000000
266545.620000 2760737.200000 162.000000
266549.090000 2760731.500000 162.000000
266550.940000 2760731.500000 162.000000
266553.190000 2760731.500000 162.000000
266555.060000 2760731.500000 162.000000
266557.090000 2760733.500000 162.000000
266555.340000 2760734.500000 162.000000
266554.780000 2760734.800000 162.000000
266554.500000 2760736.800000 162.000000
266557.500000 2760737.200000 162.000000
266558.000000 2760736.800000 162.000000
266558.720000 2760737.200000 162.000000
266559.340000 2760739.200000 162.000000
266556.840000 2760742.000000 162.000000
266554.780000 2760741.500000 162.000000
266558.810000 2760743.200000 162.000000
266559.060000 2760745.000000 162.000000
266557.690000 2760747.000000 162.000000
266556.940000 2760746.500000 162.000000
266554.500000 2760746.800000 162.000000
266553.280000 2760747.500000 162.000000
266552.410000 2760747.500000 162.000000
266549.440000 2760747.500000 162.000000
266550.500000 2760742.800000 162.000000
266545.340000 2760747.000000 162.000000
266545.410000 2760745.000000 162.000000
266545.120000 2760743.200000 162.000000
266544.620000 2760747.000000 162.000000
266547.030000 2760731.500000 162.000000
266545.120000 2760735.200000 162.000000
266545.120000 2760735.200000 161.000000
266550.530000 2760736.800000 161.000000
266554.690000 2760737.000000 161.000000
266555.060000 2760737.000000 161.000000
266555.090000 2760737.200000 161.000000
266555.690000 2760738.000000 161.000000
266555.250000 2760741.200000 161.000000
266554.970000 2760745.200000 161.000000
266555.500000 2760745.800000 161.000000
266555.440000 2760747.800000 161.000000
266557.690000 2760747.800000 161.000000
266559.160000 2760747.000000 161.000000
266558.940000 2760745.000000 161.000000
266558.220000 2760745.200000 161.000000
266558.970000 2760743.200000 161.000000
266558.620000 2760741.800000 161.000000
266559.970000 2760739.200000 161.000000
266550.470000 2760746.800000 161.000000
266547.280000 2760747.200000 161.000000
266547.120000 2760747.200000 161.000000
266545.090000 2760747.200000 161.000000
266545.090000 2760745.000000 161.000000
266545.310000 2760743.200000 161.000000
266557.090000 2760733.800000 161.000000
266558.970000 2760731.500000 161.000000
266559.500000 2760735.200000 161.000000
266559.840000 2760735.200000 161.000000
266545.530000 2760733.500000 161.000000
266548.410000 2760731.500000 161.000000
266551.160000 2760731.500000 161.000000
266545.030000 2760735.200000 161.000000
266544.590000 2760735.200000 160.000000
266545.120000 2760731.500000 160.000000
266549.060000 2760731.500000 160.000000
266554.970000 2760731.500000 160.000000
266559.970000 2760733.500000 160.000000
266554.500000 2760742.000000 160.000000
266554.410000 2760745.800000 160.000000
266549.720000 2760746.200000 160.000000
266544.970000 2760745.000000 160.000000
266544.590000 2760747.000000 160.000000
266545.090000 2760741.200000 160.000000
266555.280000 2760747.000000 160.000000
266559.530000 2760747.000000 160.000000
266559.690000 2760741.200000 160.000000
266561.030000 2760743.200000 159.000000
266568.120000 2760773.800000 159.000000
266558.280000 2760788.000000 158.000000
266558.220000 2760790.000000 158.000000
266558.470000 2760795.800000 158.000000
266558.690000 2760791.800000 158.000000
266559.690000 2760791.800000 157.000000
266558.090000 2760792.800000 157.000000
266557.880000 2760794.500000 157.000000
266558.530000 2760790.200000 157.000000
266558.030000 2760786.000000 157.000000
266560.840000 2760791.800000 157.000000
266560.970000 2760793.800000 157.000000
266560.690000 2760795.800000 157.000000
266562.620000 2760795.800000 157.000000
266558.940000 2760795.800000 157.000000
266559.030000 2760793.800000 157.000000
266561.060000 2760790.000000 157.000000
266562.660000 2760790.000000 157.000000
266562.720000 2760788.000000 157.000000
266561.000000 2760788.000000 157.000000
266560.780000 2760786.000000 157.000000
266560.030000 2760786.000000 157.000000
266559.590000 2760786.000000 157.000000
266562.690000 2760791.800000 157.000000
266564.560000 2760790.000000 157.000000
266564.910000 2760791.800000 157.000000
266564.690000 2760793.800000 157.000000
266563.380000 2760793.800000 157.000000
266566.840000 2760791.800000 157.000000
266568.470000 2760791.800000 157.000000
266568.660000 2760790.000000 157.000000
266566.660000 2760790.000000 157.000000
266567.000000 2760788.200000 157.000000
266568.530000 2760788.000000 157.000000
266570.470000 2760788.000000 157.000000
266566.530000 2760788.000000 157.000000
266565.160000 2760788.000000 157.000000
266565.160000 2760786.000000 157.000000
266563.560000 2760786.000000 157.000000
266565.030000 2760784.000000 157.000000
266566.660000 2760784.000000 157.000000
266568.530000 2760784.000000 157.000000
266568.720000 2760782.000000 157.000000
266570.530000 2760782.000000 157.000000
266570.620000 2760784.000000 157.000000
266570.660000 2760786.000000 157.000000
266569.160000 2760786.000000 157.000000
266572.660000 2760786.000000 157.000000
266572.620000 2760788.000000 157.000000
266572.660000 2760790.000000 157.000000
266572.530000 2760791.800000 157.000000
266571.120000 2760791.800000 157.000000
266571.190000 2760793.800000 157.000000
266571.090000 2760795.800000 157.000000
266572.530000 2760795.800000 157.000000
266569.620000 2760796.000000 157.000000
266568.470000 2760794.800000 157.000000
266567.060000 2760793.800000 157.000000
266566.560000 2760795.800000 157.000000
266565.410000 2760795.800000 157.000000
266572.750000 2760793.800000 157.000000
266570.720000 2760790.000000 157.000000
266573.660000 2760788.000000 157.000000
266574.470000 2760788.000000 157.000000
266572.690000 2760786.000000 157.000000
266572.590000 2760784.000000 157.000000
266572.500000 2760782.000000 157.000000
266574.380000 2760782.000000 157.000000
266574.690000 2760780.200000 157.000000
266572.720000 2760780.200000 157.000000
266572.530000 2760778.200000 157.000000
266574.500000 2760778.200000 157.000000
266574.340000 2760776.200000 157.000000
266572.780000 2760776.200000 157.000000
266571.560000 2760780.200000 157.000000
266569.000000 2760780.200000 157.000000
266568.690000 2760778.200000 157.000000
266570.440000 2760778.200000 157.000000
266570.720000 2760776.200000 157.000000
266570.530000 2760774.200000 157.000000
266570.000000 2760774.200000 157.000000
266569.620000 2760776.200000 157.000000
266566.590000 2760782.000000 157.000000
266566.530000 2760780.200000 157.000000
266565.060000 2760780.200000 157.000000
266564.690000 2760782.000000 157.000000
266562.880000 2760782.000000 157.000000
266562.620000 2760784.000000 157.000000
266561.660000 2760784.000000 157.000000
266563.470000 2760780.200000 157.000000
266566.530000 2760778.200000 157.000000
266564.840000 2760778.200000 157.000000
266562.910000 2760778.200000 157.000000
266561.030000 2760778.200000 157.000000
266561.060000 2760776.200000 157.000000
266562.690000 2760776.200000 157.000000
266561.380000 2760780.200000 157.000000
266560.690000 2760782.000000 157.000000
266558.720000 2760782.000000 157.000000
266557.030000 2760782.000000 157.000000
266557.160000 2760784.000000 157.000000
266558.940000 2760784.000000 157.000000
266555.160000 2760782.000000 157.000000
266554.940000 2760780.200000 157.000000
266553.030000 2760780.200000 157.000000
266553.060000 2760782.000000 157.000000
266553.000000 2760784.000000 157.000000
266554.970000 2760784.000000 157.000000
266551.340000 2760780.200000 157.000000
266549.810000 2760780.200000 157.000000
266548.500000 2760780.200000 157.000000
266549.060000 2760782.000000 157.000000
266549.000000 2760784.000000 157.000000
266547.120000 2760784.000000 157.000000
266545.160000 2760784.000000 157.000000
266545.190000 2760782.000000 157.000000
266545.120000 2760780.200000 157.000000
266543.530000 2760782.000000 157.000000
266545.090000 2760784.000000 157.000000
266550.970000 2760784.000000 157.000000
266547.410000 2760782.000000 157.000000
266551.120000 2760782.000000 157.000000
266555.000000 2760778.200000 157.000000
266556.810000 2760778.200000 157.000000
266558.810000 2760778.200000 157.000000
266558.940000 2760776.200000 157.000000
266558.970000 2760774.200000 157.000000
266559.000000 2760774.200000 157.000000
266557.120000 2760776.200000 157.000000
266553.440000 2760778.200000 157.000000
266551.660000 2760778.200000 157.000000
266554.910000 2760776.200000 157.000000
266553.060000 2760776.200000 157.000000
266551.190000 2760776.200000 157.000000
266551.470000 2760774.200000 157.000000
266551.160000 2760772.500000 157.000000
266553.000000 2760772.500000 157.000000
266553.470000 2760774.200000 157.000000
266554.970000 2760772.500000 157.000000
266555.530000 2760774.200000 157.000000
266556.810000 2760774.200000 157.000000
266557.620000 2760772.500000 157.000000
266554.910000 2760770.500000 157.000000
266553.090000 2760770.500000 157.000000
266551.090000 2760770.500000 157.000000
266550.970000 2760768.500000 157.000000
266549.250000 2760768.500000 157.000000
266549.030000 2760770.500000 157.000000
266547.030000 2760770.500000 157.000000
266547.060000 2760768.500000 157.000000
266547.060000 2760766.500000 157.000000
266545.090000 2760766.500000 157.000000
266545.590000 2760768.500000 157.000000
266545.250000 2760770.500000 157.000000
266545.120000 2760772.500000 157.000000
266545.160000 2760774.200000 157.000000
266545.280000 2760776.200000 157.000000
266544.090000 2760772.500000 157.000000
266549.030000 2760772.500000 157.000000
266549.030000 2760774.200000 157.000000
266547.940000 2760774.200000 157.000000
266549.030000 2760776.200000 157.000000
266548.090000 2760776.200000 157.000000
266549.000000 2760778.200000 157.000000
266547.120000 2760778.200000 157.000000
266545.910000 2760778.200000 157.000000
266547.440000 2760772.500000 157.000000
266552.910000 2760768.500000 157.000000
266550.970000 2760766.500000 157.000000
266552.940000 2760766.500000 157.000000
266550.120000 2760766.500000 157.000000
266549.560000 2760766.500000 157.000000
266549.560000 2760764.500000 157.000000
266550.280000 2760762.800000 157.000000
266551.160000 2760762.800000 157.000000
266552.880000 2760762.800000 157.000000
266551.120000 2760760.800000 157.000000
266549.120000 2760760.800000 157.000000
266547.470000 2760760.800000 157.000000
266547.410000 2760762.800000 157.000000
266547.440000 2760764.500000 157.000000
266546.030000 2760762.800000 157.000000
266545.470000 2760764.500000 157.000000
266544.750000 2760764.500000 157.000000
266544.090000 2760764.500000 157.000000
266553.090000 2760760.800000 157.000000
266555.090000 2760760.800000 157.000000
266554.940000 2760762.800000 157.000000
266556.970000 2760760.800000 157.000000
266557.160000 2760762.800000 157.000000
266558.840000 2760762.800000 157.000000
266558.880000 2760764.500000 157.000000
266558.910000 2760764.500000 157.000000
266560.690000 2760762.800000 157.000000
266562.620000 2760762.800000 157.000000
266563.880000 2760763.500000 157.000000
266562.970000 2760764.500000 157.000000
266563.120000 2760766.500000 157.000000
266563.280000 2760768.500000 157.000000
266564.620000 2760768.500000 157.000000
266562.620000 2760768.500000 157.000000
266562.720000 2760770.500000 157.000000
266562.620000 2760772.500000 157.000000
266563.060000 2760774.200000 157.000000
266564.660000 2760774.200000 157.000000
266566.590000 2760774.200000 157.000000
266566.590000 2760772.500000 157.000000
266568.470000 2760772.500000 157.000000
266566.970000 2760776.200000 157.000000
266565.470000 2760776.200000 157.000000
266564.620000 2760772.500000 157.000000
266561.440000 2760774.200000 157.000000
266560.910000 2760772.500000 157.000000
266564.720000 2760770.500000 157.000000
266561.060000 2760770.500000 157.000000
266560.690000 2760768.500000 157.000000
266558.940000 2760768.500000 157.000000
266558.620000 2760766.800000 157.000000
266556.840000 2760766.500000 157.000000
266555.560000 2760766.500000 157.000000
266556.440000 2760767.500000 157.000000
266557.030000 2760768.500000 157.000000
266557.030000 2760770.500000 157.000000
266558.810000 2760770.500000 157.000000
266555.160000 2760768.500000 157.000000
266558.810000 2760766.500000 157.000000
266565.090000 2760764.500000 157.000000
266566.560000 2760764.500000 157.000000
266566.910000 2760762.800000 157.000000
266566.720000 2760760.800000 157.000000
266565.380000 2760760.800000 157.000000
266568.660000 2760760.800000 157.000000
266570.660000 2760760.800000 157.000000
266572.380000 2760760.800000 157.000000
266572.410000 2760758.800000 157.000000
266572.590000 2760756.800000 157.000000
266571.250000 2760758.800000 157.000000
266568.470000 2760758.800000 157.000000
266566.970000 2760758.800000 157.000000
266568.470000 2760756.800000 157.000000
266570.440000 2760756.800000 157.000000
266566.720000 2760756.800000 157.000000
266564.910000 2760756.800000 157.000000
266562.910000 2760756.800000 157.000000
266562.840000 2760754.800000 157.000000
266562.910000 2760753.000000 157.000000
266564.620000 2760753.000000 157.000000
266564.690000 2760754.800000 157.000000
266566.560000 2760753.000000 157.000000
266566.590000 2760751.000000 157.000000
266566.750000 2760749.500000 157.000000
266564.750000 2760751.000000 157.000000
266563.090000 2760751.000000 157.000000
266568.590000 2760751.000000 157.000000
266568.620000 2760753.000000 157.000000
266569.060000 2760754.800000 157.000000
266570.880000 2760754.800000 157.000000
266570.500000 2760753.000000 157.000000
266570.620000 2760751.000000 157.000000
266572.590000 2760751.000000 157.000000
266574.560000 2760751.000000 157.000000
266574.560000 2760753.000000 157.000000
266574.560000 2760754.800000 157.000000
266573.220000 2760754.800000 157.000000
266572.530000 2760753.000000 157.000000
266575.030000 2760754.800000 157.000000
266575.000000 2760753.000000 157.000000
266567.030000 2760754.800000 157.000000
266564.720000 2760758.800000 157.000000
266568.500000 2760764.500000 157.000000
266569.190000 2760762.800000 157.000000
266570.470000 2760762.800000 157.000000
266570.590000 2760764.500000 157.000000
266570.500000 2760766.500000 157.000000
266570.530000 2760768.500000 157.000000
266570.590000 2760770.500000 157.000000
266568.660000 2760770.500000 157.000000
266567.160000 2760770.500000 157.000000
266568.590000 2760768.500000 157.000000
266566.720000 2760768.500000 157.000000
266572.380000 2760768.500000 157.000000
266572.720000 2760766.500000 157.000000
266574.470000 2760766.500000 157.000000
266574.530000 2760764.500000 157.000000
266574.690000 2760762.800000 157.000000
266574.690000 2760760.800000 157.000000
266574.750000 2760758.800000 157.000000
266572.970000 2760762.800000 157.000000
266572.620000 2760764.500000 157.000000
266574.470000 2760768.500000 157.000000
266574.310000 2760770.500000 157.000000
266574.310000 2760772.500000 157.000000
266572.620000 2760772.500000 157.000000
266572.120000 2760772.500000 157.000000
266572.720000 2760770.500000 157.000000
266574.720000 2760770.500000 157.000000
266568.470000 2760766.500000 157.000000
266566.620000 2760766.500000 157.000000
266565.160000 2760766.500000 157.000000
266564.720000 2760762.800000 157.000000
266560.690000 2760762.800000 157.000000
266560.780000 2760764.500000 157.000000
266561.090000 2760766.500000 157.000000
266555.220000 2760758.800000 157.000000
266553.280000 2760758.800000 157.000000
266551.310000 2760758.800000 157.000000
266549.410000 2760758.800000 157.000000
266547.880000 2760758.800000 157.000000
266549.440000 2760756.800000 157.000000
266550.940000 2760756.800000 157.000000
266550.940000 2760754.800000 157.000000
266551.000000 2760753.000000 157.000000
266552.880000 2760754.800000 157.000000
266553.160000 2760753.000000 157.000000
266555.160000 2760753.000000 157.000000
266555.380000 2760754.800000 157.000000
266556.780000 2760754.800000 157.000000
266557.000000 2760753.000000 157.000000
266555.560000 2760756.800000 157.000000
266557.340000 2760756.800000 157.000000
266559.090000 2760756.800000 157.000000
266560.880000 2760756.800000 157.000000
266559.160000 2760754.800000 157.000000
266559.160000 2760753.000000 157.000000
266560.690000 2760753.000000 157.000000
266560.690000 2760751.000000 157.000000
266558.750000 2760751.000000 157.000000
266557.470000 2760751.000000 157.000000
266558.910000 2760741.200000 157.000000
266559.000000 2760741.200000 157.000000
266558.970000 2760739.200000 157.000000
266559.160000 2760731.500000 157.000000
266555.250000 2760731.500000 157.000000
266554.560000 2760731.500000 157.000000
266559.090000 2760758.800000 157.000000
266560.690000 2760758.800000 157.000000
266562.660000 2760758.800000 157.000000
266562.880000 2760760.800000 157.000000
266557.660000 2760758.800000 157.000000
266555.160000 2760751.000000 157.000000
266554.880000 2760749.000000 157.000000
266556.910000 2760749.000000 157.000000
266554.720000 2760749.000000 157.000000
266549.470000 2760754.800000 157.000000
266549.030000 2760753.000000 157.000000
266547.060000 2760753.000000 157.000000
266547.090000 2760751.000000 157.000000
266545.220000 2760751.000000 157.000000
266544.530000 2760751.000000 157.000000
266545.090000 2760749.000000 157.000000
266545.060000 2760747.000000 157.000000
266545.120000 2760743.200000 157.000000
266549.090000 2760751.000000 157.000000
266549.060000 2760749.000000 157.000000
266547.250000 2760749.000000 157.000000
266547.620000 2760747.800000 157.000000
266545.280000 2760741.200000 157.000000
266545.620000 2760737.200000 157.000000
266549.560000 2760748.000000 157.000000
266551.090000 2760751.000000 157.000000
266552.970000 2760751.000000 157.000000
266547.220000 2760754.800000 157.000000
266547.120000 2760756.800000 157.000000
266545.090000 2760756.800000 157.000000
266545.090000 2760754.800000 157.000000
266545.590000 2760758.800000 157.000000
266545.220000 2760760.800000 157.000000
266553.160000 2760756.800000 157.000000
266557.000000 2760780.200000 157.000000
266558.780000 2760780.200000 157.000000
266558.970000 2760780.200000 157.000000
266566.940000 2760786.000000 157.000000
266558.030000 2760786.000000 156.000000
266557.810000 2760796.200000 156.000000
266557.970000 2760794.000000 155.000000
266558.220000 2760793.000000 155.000000
266558.190000 2760790.000000 155.000000
266558.470000 2760786.000000 155.000000
266560.190000 2760791.800000 155.000000
266560.690000 2760791.000000 155.000000
266564.690000 2760786.000000 155.000000
266560.720000 2760778.500000 155.000000
266564.970000 2760770.500000 155.000000
266560.840000 2760762.800000 155.000000
266560.720000 2760770.500000 155.000000
266560.720000 2760770.000000 155.000000
266560.750000 2760772.500000 155.000000
266570.440000 2760782.000000 155.000000
266574.160000 2760782.200000 155.000000
266562.310000 2760796.200000 155.000000
266563.620000 2760796.000000 155.000000
266565.750000 2760796.200000 155.000000
266566.620000 2760796.200000 155.000000
266568.660000 2760796.500000 155.000000
266571.250000 2760786.000000 155.000000
266573.380000 2760784.000000 155.000000
266574.530000 2760782.200000 154.000000
266569.190000 2760781.500000 154.000000
266570.750000 2760782.000000 153.000000
266566.530000 2760770.200000 153.000000
266566.970000 2760758.800000 153.000000
266574.620000 2760781.800000 153.000000
266574.940000 2760782.200000 153.000000
266573.880000 2760784.000000 152.000000
266568.380000 2760782.500000 152.000000
266568.620000 2760784.000000 152.000000
266567.780000 2760784.000000 152.000000
266566.720000 2760784.000000 152.000000
266564.560000 2760784.000000 152.000000
266564.880000 2760782.200000 152.000000
266564.720000 2760782.000000 152.000000
266564.530000 2760781.800000 152.000000
266564.660000 2760780.200000 152.000000
266562.940000 2760780.200000 152.000000
266562.660000 2760782.000000 152.000000
266560.940000 2760782.000000 152.000000
266564.880000 2760778.200000 152.000000
266564.940000 2760776.200000 152.000000
266563.190000 2760776.200000 152.000000
266564.970000 2760774.200000 152.000000
266564.970000 2760772.500000 152.000000
266565.000000 2760770.500000 152.000000
266563.090000 2760770.500000 152.000000
266564.620000 2760768.500000 152.000000
266564.660000 2760766.500000 152.000000
266563.160000 2760766.500000 152.000000
266561.340000 2760766.500000 152.000000
266560.970000 2760766.200000 152.000000
266560.810000 2760764.500000 152.000000
266560.880000 2760762.800000 152.000000
266559.060000 2760764.500000 152.000000
266559.160000 2760765.800000 152.000000
266559.030000 2760762.800000 152.000000
266558.620000 2760761.000000 152.000000
266556.780000 2760760.800000 152.000000
266554.840000 2760760.800000 152.000000
266553.190000 2760760.800000 152.000000
266555.000000 2760762.800000 152.000000
266555.120000 2760764.500000 152.000000
266553.160000 2760764.500000 152.000000
266553.000000 2760762.800000 152.000000
266551.000000 2760762.800000 152.000000
266551.120000 2760764.500000 152.000000
266550.970000 2760766.500000 152.000000
266549.090000 2760766.500000 152.000000
266549.470000 2760768.500000 152.000000
266547.120000 2760766.500000 152.000000
266547.090000 2760768.500000 152.000000
266545.120000 2760768.500000 152.000000
266545.090000 2760766.500000 152.000000
266544.120000 2760768.500000 152.000000
266547.120000 2760770.500000 152.000000
266547.090000 2760772.500000 152.000000
266545.120000 2760772.500000 152.000000
266545.160000 2760774.200000 152.000000
266544.380000 2760776.200000 152.000000
266547.220000 2760774.200000 152.000000
266549.030000 2760770.500000 152.000000
266549.120000 2760772.500000 152.000000
266549.410000 2760774.200000 152.000000
266549.340000 2760776.200000 152.000000
266551.090000 2760776.200000 152.000000
266549.060000 2760778.200000 152.000000
266549.060000 2760780.200000 152.000000
266550.940000 2760780.200000 152.000000
266551.090000 2760782.000000 152.000000
266553.030000 2760782.000000 152.000000
266553.030000 2760784.000000 152.000000
266551.060000 2760784.000000 152.000000
266553.120000 2760784.000000 152.000000
266552.880000 2760780.200000 152.000000
266553.190000 2760778.200000 152.000000
266551.410000 2760778.200000 152.000000
266549.000000 2760782.000000 152.000000
266547.060000 2760782.000000 152.000000
266547.090000 2760783.800000 152.000000
266545.190000 2760784.000000 152.000000
266545.090000 2760784.000000 152.000000
266547.120000 2760784.000000 152.000000
266547.090000 2760780.200000 152.000000
266545.590000 2760780.200000 152.000000
266544.220000 2760780.200000 152.000000
266545.090000 2760782.000000 152.000000
266543.530000 2760782.000000 152.000000
266547.090000 2760778.200000 152.000000
266547.560000 2760776.200000 152.000000
266550.810000 2760772.200000 152.000000
266551.120000 2760772.500000 152.000000
266551.120000 2760770.500000 152.000000
266553.000000 2760770.500000 152.000000
266553.160000 2760772.500000 152.000000
266553.410000 2760774.200000 152.000000
266553.660000 2760776.200000 152.000000
266554.840000 2760776.200000 152.000000
266555.160000 2760774.200000 152.000000
266555.060000 2760772.500000 152.000000
266556.190000 2760772.800000 152.000000
266556.810000 2760772.500000 152.000000
266557.660000 2760774.200000 152.000000
266558.780000 2760774.200000 152.000000
266558.940000 2760775.000000 152.000000
266558.500000 2760776.500000 152.000000
266558.560000 2760778.200000 152.000000
266557.060000 2760778.200000 152.000000
266556.780000 2760780.200000 152.000000
266555.310000 2760780.200000 152.000000
266555.190000 2760782.000000 152.000000
266555.620000 2760783.800000 152.000000
266557.120000 2760784.000000 152.000000
266557.000000 2760782.000000 152.000000
266558.090000 2760782.200000 152.000000
266558.810000 2760782.000000 152.000000
266558.970000 2760780.200000 152.000000
266558.880000 2760782.200000 152.000000
266559.970000 2760776.200000 152.000000
266560.840000 2760776.200000 152.000000
266561.090000 2760776.200000 152.000000
266560.970000 2760778.200000 152.000000
266552.880000 2760768.500000 152.000000
266551.590000 2760768.500000 152.000000
266554.880000 2760770.500000 152.000000
266545.160000 2760770.500000 152.000000
266544.380000 2760770.500000 152.000000
266544.060000 2760770.500000 152.000000
266547.120000 2760764.500000 152.000000
266549.030000 2760764.500000 152.000000
266545.250000 2760764.500000 152.000000
266544.750000 2760764.500000 152.000000
266545.440000 2760762.800000 152.000000
266553.120000 2760766.500000 152.000000
266555.030000 2760766.500000 152.000000
266556.970000 2760766.500000 152.000000
266557.120000 2760768.500000 152.000000
266558.560000 2760768.800000 152.000000
266560.030000 2760768.500000 152.000000
266558.720000 2760770.500000 152.000000
266557.000000 2760770.500000 152.000000
266558.780000 2760770.500000 152.000000
266558.660000 2760771.000000 152.000000
266555.090000 2760768.500000 152.000000
266555.000000 2760758.800000 152.000000
266554.840000 2760756.800000 152.000000
266556.880000 2760756.800000 152.000000
266557.030000 2760754.800000 152.000000
266556.910000 2760753.000000 152.000000
266556.970000 2760751.000000 152.000000
266557.030000 2760749.000000 152.000000
266558.690000 2760748.500000 152.000000
266559.120000 2760749.000000 152.000000
266559.000000 2760751.000000 152.000000
266555.030000 2760749.000000 152.000000
266554.910000 2760753.000000 152.000000
266554.940000 2760751.000000 152.000000
266553.030000 2760753.000000 152.000000
266551.120000 2760753.000000 152.000000
266551.000000 2760751.000000 152.000000
266552.880000 2760751.000000 152.000000
266549.090000 2760751.000000 152.000000
266547.120000 2760751.000000 152.000000
266547.120000 2760749.000000 152.000000
266547.120000 2760747.000000 152.000000
266549.000000 2760747.000000 152.000000
266551.000000 2760747.000000 152.000000
266552.910000 2760747.000000 152.000000
266553.060000 2760745.000000 152.000000
266553.120000 2760743.200000 152.000000
266554.970000 2760745.000000 152.000000
266555.060000 2760743.200000 152.000000
266556.810000 2760743.200000 152.000000
266556.880000 2760745.000000 152.000000
266558.470000 2760745.500000 152.000000
266558.690000 2760744.800000 152.000000
266558.840000 2760743.200000 152.000000
266558.690000 2760741.800000 152.000000
266557.340000 2760741.200000 152.000000
266557.000000 2760740.000000 152.000000
266556.690000 2760740.000000 152.000000
266555.440000 2760741.200000 152.000000
266555.030000 2760739.200000 152.000000
266555.030000 2760737.200000 152.000000
266553.590000 2760737.200000 152.000000
266553.440000 2760735.200000 152.000000
266553.120000 2760733.500000 152.000000
266554.880000 2760733.500000 152.000000
266554.880000 2760731.500000 152.000000
266553.620000 2760731.500000 152.000000
266552.910000 2760731.500000 152.000000
266552.340000 2760731.500000 152.000000
266551.440000 2760731.500000 152.000000
266553.160000 2760739.200000 152.000000
266551.590000 2760739.200000 152.000000
266551.160000 2760739.500000 152.000000
266551.120000 2760741.200000 152.000000
266553.000000 2760741.200000 152.000000
266556.880000 2760739.200000 152.000000
266558.620000 2760739.000000 152.000000
266559.190000 2760739.200000 152.000000
266557.160000 2760737.200000 152.000000
266557.090000 2760735.200000 152.000000
266558.720000 2760735.200000 152.000000
266557.120000 2760733.500000 152.000000
266558.810000 2760733.500000 152.000000
266558.720000 2760731.500000 152.000000
266557.690000 2760731.500000 152.000000
266557.530000 2760731.500000 152.000000
266559.590000 2760733.500000 152.000000
266558.910000 2760741.200000 152.000000
266556.780000 2760747.000000 152.000000
266551.220000 2760745.000000 152.000000
266547.090000 2760745.000000 152.000000
266545.410000 2760745.000000 152.000000
266545.090000 2760745.000000 152.000000
266549.090000 2760745.000000 152.000000
266549.060000 2760743.200000 152.000000
266549.060000 2760741.200000 152.000000
266547.060000 2760741.200000 152.000000
266545.530000 2760741.200000 152.000000
266544.940000 2760741.200000 152.000000
266544.780000 2760741.200000 152.000000
266547.060000 2760739.200000 152.000000
266545.590000 2760739.200000 152.000000
266545.560000 2760737.200000 152.000000
266545.000000 2760737.200000 152.000000
266547.090000 2760737.200000 152.000000
266549.090000 2760737.200000 152.000000
266551.030000 2760737.200000 152.000000
266549.000000 2760735.200000 152.000000
266549.090000 2760733.500000 152.000000
266547.120000 2760733.500000 152.000000
266545.780000 2760733.500000 152.000000
266545.090000 2760733.500000 152.000000
266545.220000 2760735.200000 152.000000
266545.410000 2760735.200000 152.000000
266547.120000 2760731.500000 152.000000
266545.500000 2760731.500000 152.000000
266551.000000 2760733.500000 152.000000
266545.590000 2760739.200000 152.000000
266549.030000 2760739.200000 152.000000
266549.030000 2760749.000000 152.000000
266550.970000 2760749.000000 152.000000
266552.880000 2760749.000000 152.000000
266545.090000 2760749.000000 152.000000
266545.030000 2760751.000000 152.000000
266544.590000 2760751.000000 152.000000
266545.090000 2760753.000000 152.000000
266545.120000 2760753.000000 152.000000
266544.380000 2760753.000000 152.000000
266549.280000 2760753.000000 152.000000
266548.590000 2760753.000000 152.000000
266557.120000 2760757.500000 152.000000
266558.560000 2760756.200000 152.000000
266559.120000 2760754.800000 152.000000
266559.160000 2760753.000000 152.000000
266553.120000 2760756.800000 152.000000
266552.880000 2760758.800000 152.000000
266551.160000 2760758.800000 152.000000
266550.970000 2760756.800000 152.000000
266549.090000 2760756.800000 152.000000
266547.190000 2760756.800000 152.000000
266545.090000 2760756.800000 152.000000
266545.000000 2760756.800000 152.000000
266544.500000 2760756.800000 152.000000
266549.090000 2760758.800000 152.000000
266547.280000 2760758.800000 152.000000
266549.090000 2760760.800000 152.000000
266547.620000 2760760.800000 152.000000
266558.660000 2760759.000000 152.000000
266557.160000 2760764.500000 152.000000
266562.660000 2760764.500000 152.000000
266562.940000 2760764.500000 152.000000
266564.690000 2760764.500000 152.000000
266565.190000 2760764.500000 152.000000
266564.940000 2760762.800000 152.000000
266565.340000 2760760.800000 152.000000
266565.440000 2760758.800000 152.000000
266564.840000 2760758.800000 152.000000
266562.910000 2760758.800000 152.000000
266560.690000 2760758.800000 152.000000
266560.690000 2760756.800000 152.000000
266561.000000 2760756.800000 152.000000
266560.690000 2760753.000000 152.000000
266562.720000 2760753.000000 152.000000
266564.120000 2760753.200000 152.000000
266564.560000 2760753.000000 152.000000
266564.560000 2760751.000000 152.000000
266563.840000 2760751.000000 152.000000
266562.620000 2760751.000000 152.000000
266564.660000 2760751.000000 152.000000
266566.530000 2760751.000000 152.000000
266567.620000 2760751.000000 152.000000
266568.590000 2760751.000000 152.000000
266570.750000 2760751.000000 152.000000
266572.560000 2760751.000000 152.000000
266572.560000 2760753.000000 152.000000
266574.000000 2760753.000000 152.000000
266574.440000 2760753.000000 152.000000
266574.470000 2760754.800000 152.000000
266574.560000 2760754.800000 152.000000
266572.380000 2760754.800000 152.000000
266570.590000 2760754.800000 152.000000
266568.190000 2760755.500000 152.000000
266568.120000 2760756.800000 152.000000
266569.220000 2760756.800000 152.000000
266570.590000 2760756.800000 152.000000
266570.530000 2760753.000000 152.000000
266573.190000 2760751.000000 152.000000
266574.500000 2760751.000000 152.000000
266575.160000 2760751.000000 152.000000
266564.690000 2760753.000000 152.000000
266566.660000 2760753.000000 152.000000
266564.560000 2760754.800000 152.000000
266562.690000 2760760.800000 152.000000
266565.160000 2760766.500000 152.000000
266562.690000 2760768.500000 152.000000
266564.620000 2760772.500000 152.000000
266562.970000 2760772.500000 152.000000
266562.840000 2760774.200000 152.000000
266561.090000 2760772.500000 152.000000
266564.910000 2760774.200000 152.000000
266565.220000 2760776.200000 152.000000
266562.720000 2760784.000000 152.000000
266562.660000 2760784.000000 152.000000
266568.690000 2760784.000000 152.000000
266568.590000 2760786.000000 151.000000
266560.970000 2760786.000000 151.000000
266557.220000 2760790.000000 151.000000
266570.660000 2760786.000000 151.000000
266574.120000 2760784.200000 150.000000
266574.340000 2760784.200000 150.000000
266544.500000 2760741.200000 165.000000
266544.030000 2760749.000000 164.000000
266547.500000 2760749.000000 164.000000
266544.280000 2760745.000000 163.000000
266544.970000 2760739.200000 163.000000
266545.620000 2760737.200000 162.000000
266545.120000 2760735.200000 162.000000
266545.120000 2760735.200000 161.000000
266545.030000 2760735.200000 161.000000
266544.590000 2760735.200000 160.000000
266559.690000 2760741.200000 160.000000
266561.030000 2760743.200000 159.000000
266568.120000 2760773.800000 159.000000
266558.280000 2760788.000000 158.000000
266558.690000 2760791.800000 158.000000
266559.690000 2760791.800000 157.000000
266566.940000 2760786.000000 157.000000
266558.030000 2760786.000000 156.000000
266557.810000 2760796.200000 156.000000
266557.970000 2760794.000000 155.000000
266573.380000 2760784.000000 155.000000
266574.530000 2760782.200000 154.000000
266569.190000 2760781.500000 154.000000
266570.750000 2760782.000000 153.000000
266574.940000 2760782.200000 153.000000
266573.880000 2760784.000000 152.000000
266568.690000 2760784.000000 152.000000
266568.590000 2760786.000000 151.000000
266570.660000 2760786.000000 151.000000
266574.120000 2760784.200000 150.000000
